Headers,HeadersThumbs,HeadersDisplay,collection1Thumbs,collection1HD,collection2Thumbs,collection2HD,collection3Thumbs,collection3HD,collection4Thumbs,collection4HD,collection5Thumbs,collection5HD,collection6Thumbs,collection6HD,collection7Thumbs,collection7HD,collection8Thumbs,collection8HD,collection9Thumbs,collection9HD,collection10Thumbs,collection10HD,,,,,,,,,,,,,,,,,,,,,,,,,,,,,,,,,,,,,,,,,,,,,,,,,,,,,,,,,,
collection1,https://raw.githubusercontent.com/indpDB/UC-ImageApps-indiankurtidesign/master/C1/TH/1.png,Yes,https://raw.githubusercontent.com/indpDB/UC-ImageApps-indiankurtidesign/master/C1/TH/1.png,https://raw.githubusercontent.com/indpDB/UC-ImageApps-indiankurtidesign/master/C1/HD/1.png,https://raw.githubusercontent.com/indpDB/UC-ImageApps-indiankurtidesign/master/C2/TH/1.png,https://raw.githubusercontent.com/indpDB/UC-ImageApps-indiankurtidesign/master/C2/HD/1.png,https://raw.githubusercontent.com/indpDB/UC-ImageApps-indiankurtidesign/master/C3/TH/1.png,https://raw.githubusercontent.com/indpDB/UC-ImageApps-indiankurtidesign/master/C3/HD/1.png,https://raw.githubusercontent.com/indpDB/UC-ImageApps-indiankurtidesign/master/C4/TH/1.png,https://raw.githubusercontent.com/indpDB/UC-ImageApps-indiankurtidesign/master/C4/HD/1.png,https://raw.githubusercontent.com/indpDB/UC-ImageApps-indiankurtidesign/master/C5/TH/1.png,https://raw.githubusercontent.com/indpDB/UC-ImageApps-indiankurtidesign/master/C5/HD/1.png,https://raw.githubusercontent.com/indpDB/UC-ImageApps-indiankurtidesign/master/C6/TH/1.png,https://raw.githubusercontent.com/indpDB/UC-ImageApps-indiankurtidesign/master/C6/HD/1.png,https://raw.githubusercontent.com/indpDB/UC-ImageApps-indiankurtidesign/master/C7/TH/1.png,https://raw.githubusercontent.com/indpDB/UC-ImageApps-indiankurtidesign/master/C7/HD/1.png,https://raw.githubusercontent.com/indpDB/UC-ImageApps-indiankurtidesign/master/C8/TH/1.png,https://raw.githubusercontent.com/indpDB/UC-ImageApps-indiankurtidesign/master/C8/HD/1.png,https://raw.githubusercontent.com/indpDB/UC-ImageApps-indiankurtidesign/master/C9/TH/1.png,https://raw.githubusercontent.com/indpDB/UC-ImageApps-indiankurtidesign/master/C9/HD/1.png,https://raw.githubusercontent.com/indpDB/UC-ImageApps-indiankurtidesign/master/C10/TH/1.png,https://raw.githubusercontent.com/indpDB/UC-ImageApps-indiankurtidesign/master/C10/HD/1.png,,,,,,,,,,,,,,,,,,,,,,,,,,,,,,,,,,,,,,,,,,,,,,,,,,,,,,,,,,
collection2,https://raw.githubusercontent.com/indpDB/UC-ImageApps-indiankurtidesign/master/C2/TH/1.png,Yes,https://raw.githubusercontent.com/indpDB/UC-ImageApps-indiankurtidesign/master/C1/TH/2.png,https://raw.githubusercontent.com/indpDB/UC-ImageApps-indiankurtidesign/master/C1/HD/2.png,https://raw.githubusercontent.com/indpDB/UC-ImageApps-indiankurtidesign/master/C2/TH/2.png,https://raw.githubusercontent.com/indpDB/UC-ImageApps-indiankurtidesign/master/C2/HD/2.png,https://raw.githubusercontent.com/indpDB/UC-ImageApps-indiankurtidesign/master/C3/TH/2.png,https://raw.githubusercontent.com/indpDB/UC-ImageApps-indiankurtidesign/master/C3/HD/2.png,https://raw.githubusercontent.com/indpDB/UC-ImageApps-indiankurtidesign/master/C4/TH/2.png,https://raw.githubusercontent.com/indpDB/UC-ImageApps-indiankurtidesign/master/C4/HD/2.png,https://raw.githubusercontent.com/indpDB/UC-ImageApps-indiankurtidesign/master/C5/TH/2.png,https://raw.githubusercontent.com/indpDB/UC-ImageApps-indiankurtidesign/master/C5/HD/2.png,https://raw.githubusercontent.com/indpDB/UC-ImageApps-indiankurtidesign/master/C6/TH/2.png,https://raw.githubusercontent.com/indpDB/UC-ImageApps-indiankurtidesign/master/C6/HD/2.png,https://raw.githubusercontent.com/indpDB/UC-ImageApps-indiankurtidesign/master/C7/TH/2.png,https://raw.githubusercontent.com/indpDB/UC-ImageApps-indiankurtidesign/master/C7/HD/2.png,https://raw.githubusercontent.com/indpDB/UC-ImageApps-indiankurtidesign/master/C8/TH/2.png,https://raw.githubusercontent.com/indpDB/UC-ImageApps-indiankurtidesign/master/C8/HD/2.png,https://raw.githubusercontent.com/indpDB/UC-ImageApps-indiankurtidesign/master/C9/TH/2.png,https://raw.githubusercontent.com/indpDB/UC-ImageApps-indiankurtidesign/master/C9/HD/2.png,https://raw.githubusercontent.com/indpDB/UC-ImageApps-indiankurtidesign/master/C10/TH/2.png,https://raw.githubusercontent.com/indpDB/UC-ImageApps-indiankurtidesign/master/C10/HD/2.png,,,,,,,,,,,,,,,,,,,,,,,,,,,,,,,,,,,,,,,,,,,,,,,,,,,,,,,,,,
collection3,https://raw.githubusercontent.com/indpDB/UC-ImageApps-indiankurtidesign/master/C3/TH/1.png,Yes,https://raw.githubusercontent.com/indpDB/UC-ImageApps-indiankurtidesign/master/C1/TH/3.png,https://raw.githubusercontent.com/indpDB/UC-ImageApps-indiankurtidesign/master/C1/HD/3.png,https://raw.githubusercontent.com/indpDB/UC-ImageApps-indiankurtidesign/master/C2/TH/3.png,https://raw.githubusercontent.com/indpDB/UC-ImageApps-indiankurtidesign/master/C2/HD/3.png,https://raw.githubusercontent.com/indpDB/UC-ImageApps-indiankurtidesign/master/C3/TH/3.png,https://raw.githubusercontent.com/indpDB/UC-ImageApps-indiankurtidesign/master/C3/HD/3.png,https://raw.githubusercontent.com/indpDB/UC-ImageApps-indiankurtidesign/master/C4/TH/3.png,https://raw.githubusercontent.com/indpDB/UC-ImageApps-indiankurtidesign/master/C4/HD/3.png,https://raw.githubusercontent.com/indpDB/UC-ImageApps-indiankurtidesign/master/C5/TH/3.png,https://raw.githubusercontent.com/indpDB/UC-ImageApps-indiankurtidesign/master/C5/HD/3.png,https://raw.githubusercontent.com/indpDB/UC-ImageApps-indiankurtidesign/master/C6/TH/3.png,https://raw.githubusercontent.com/indpDB/UC-ImageApps-indiankurtidesign/master/C6/HD/3.png,https://raw.githubusercontent.com/indpDB/UC-ImageApps-indiankurtidesign/master/C7/TH/3.png,https://raw.githubusercontent.com/indpDB/UC-ImageApps-indiankurtidesign/master/C7/HD/3.png,https://raw.githubusercontent.com/indpDB/UC-ImageApps-indiankurtidesign/master/C8/TH/3.png,https://raw.githubusercontent.com/indpDB/UC-ImageApps-indiankurtidesign/master/C8/HD/3.png,https://raw.githubusercontent.com/indpDB/UC-ImageApps-indiankurtidesign/master/C9/TH/3.png,https://raw.githubusercontent.com/indpDB/UC-ImageApps-indiankurtidesign/master/C9/HD/3.png,https://raw.githubusercontent.com/indpDB/UC-ImageApps-indiankurtidesign/master/C10/TH/3.png,https://raw.githubusercontent.com/indpDB/UC-ImageApps-indiankurtidesign/master/C10/HD/3.png,,,,,,,,,,,,,,,,,,,,,,,,,,,,,,,,,,,,,,,,,,,,,,,,,,,,,,,,,,
collection4,https://raw.githubusercontent.com/indpDB/UC-ImageApps-indiankurtidesign/master/C4/TH/1.png,Yes,https://raw.githubusercontent.com/indpDB/UC-ImageApps-indiankurtidesign/master/C1/TH/4.png,https://raw.githubusercontent.com/indpDB/UC-ImageApps-indiankurtidesign/master/C1/HD/4.png,https://raw.githubusercontent.com/indpDB/UC-ImageApps-indiankurtidesign/master/C2/TH/4.png,https://raw.githubusercontent.com/indpDB/UC-ImageApps-indiankurtidesign/master/C2/HD/4.png,https://raw.githubusercontent.com/indpDB/UC-ImageApps-indiankurtidesign/master/C3/TH/4.png,https://raw.githubusercontent.com/indpDB/UC-ImageApps-indiankurtidesign/master/C3/HD/4.png,https://raw.githubusercontent.com/indpDB/UC-ImageApps-indiankurtidesign/master/C4/TH/4.png,https://raw.githubusercontent.com/indpDB/UC-ImageApps-indiankurtidesign/master/C4/HD/4.png,https://raw.githubusercontent.com/indpDB/UC-ImageApps-indiankurtidesign/master/C5/TH/4.png,https://raw.githubusercontent.com/indpDB/UC-ImageApps-indiankurtidesign/master/C5/HD/4.png,https://raw.githubusercontent.com/indpDB/UC-ImageApps-indiankurtidesign/master/C6/TH/4.png,https://raw.githubusercontent.com/indpDB/UC-ImageApps-indiankurtidesign/master/C6/HD/4.png,https://raw.githubusercontent.com/indpDB/UC-ImageApps-indiankurtidesign/master/C7/TH/4.png,https://raw.githubusercontent.com/indpDB/UC-ImageApps-indiankurtidesign/master/C7/HD/4.png,https://raw.githubusercontent.com/indpDB/UC-ImageApps-indiankurtidesign/master/C8/TH/4.png,https://raw.githubusercontent.com/indpDB/UC-ImageApps-indiankurtidesign/master/C8/HD/4.png,https://raw.githubusercontent.com/indpDB/UC-ImageApps-indiankurtidesign/master/C9/TH/4.png,https://raw.githubusercontent.com/indpDB/UC-ImageApps-indiankurtidesign/master/C9/HD/4.png,https://raw.githubusercontent.com/indpDB/UC-ImageApps-indiankurtidesign/master/C10/TH/4.png,https://raw.githubusercontent.com/indpDB/UC-ImageApps-indiankurtidesign/master/C10/HD/4.png,,,,,,,,,,,,,,,,,,,,,,,,,,,,,,,,,,,,,,,,,,,,,,,,,,,,,,,,,,
collection5,https://raw.githubusercontent.com/indpDB/UC-ImageApps-indiankurtidesign/master/C5/TH/1.png,Yes,https://raw.githubusercontent.com/indpDB/UC-ImageApps-indiankurtidesign/master/C1/TH/5.png,https://raw.githubusercontent.com/indpDB/UC-ImageApps-indiankurtidesign/master/C1/HD/5.png,https://raw.githubusercontent.com/indpDB/UC-ImageApps-indiankurtidesign/master/C2/TH/5.png,https://raw.githubusercontent.com/indpDB/UC-ImageApps-indiankurtidesign/master/C2/HD/5.png,https://raw.githubusercontent.com/indpDB/UC-ImageApps-indiankurtidesign/master/C3/TH/5.png,https://raw.githubusercontent.com/indpDB/UC-ImageApps-indiankurtidesign/master/C3/HD/5.png,https://raw.githubusercontent.com/indpDB/UC-ImageApps-indiankurtidesign/master/C4/TH/5.png,https://raw.githubusercontent.com/indpDB/UC-ImageApps-indiankurtidesign/master/C4/HD/5.png,https://raw.githubusercontent.com/indpDB/UC-ImageApps-indiankurtidesign/master/C5/TH/5.png,https://raw.githubusercontent.com/indpDB/UC-ImageApps-indiankurtidesign/master/C5/HD/5.png,https://raw.githubusercontent.com/indpDB/UC-ImageApps-indiankurtidesign/master/C6/TH/5.png,https://raw.githubusercontent.com/indpDB/UC-ImageApps-indiankurtidesign/master/C6/HD/5.png,https://raw.githubusercontent.com/indpDB/UC-ImageApps-indiankurtidesign/master/C7/TH/5.png,https://raw.githubusercontent.com/indpDB/UC-ImageApps-indiankurtidesign/master/C7/HD/5.png,https://raw.githubusercontent.com/indpDB/UC-ImageApps-indiankurtidesign/master/C8/TH/5.png,https://raw.githubusercontent.com/indpDB/UC-ImageApps-indiankurtidesign/master/C8/HD/5.png,https://raw.githubusercontent.com/indpDB/UC-ImageApps-indiankurtidesign/master/C9/TH/5.png,https://raw.githubusercontent.com/indpDB/UC-ImageApps-indiankurtidesign/master/C9/HD/5.png,https://raw.githubusercontent.com/indpDB/UC-ImageApps-indiankurtidesign/master/C10/TH/5.png,https://raw.githubusercontent.com/indpDB/UC-ImageApps-indiankurtidesign/master/C10/HD/5.png,,,,,,,,,,,,,,,,,,,,,,,,,,,,,,,,,,,,,,,,,,,,,,,,,,,,,,,,,,
collection6,https://raw.githubusercontent.com/indpDB/UC-ImageApps-indiankurtidesign/master/C6/TH/1.png,Yes,https://raw.githubusercontent.com/indpDB/UC-ImageApps-indiankurtidesign/master/C1/TH/6.png,https://raw.githubusercontent.com/indpDB/UC-ImageApps-indiankurtidesign/master/C1/HD/6.png,https://raw.githubusercontent.com/indpDB/UC-ImageApps-indiankurtidesign/master/C2/TH/6.png,https://raw.githubusercontent.com/indpDB/UC-ImageApps-indiankurtidesign/master/C2/HD/6.png,https://raw.githubusercontent.com/indpDB/UC-ImageApps-indiankurtidesign/master/C3/TH/6.png,https://raw.githubusercontent.com/indpDB/UC-ImageApps-indiankurtidesign/master/C3/HD/6.png,https://raw.githubusercontent.com/indpDB/UC-ImageApps-indiankurtidesign/master/C4/TH/6.png,https://raw.githubusercontent.com/indpDB/UC-ImageApps-indiankurtidesign/master/C4/HD/6.png,https://raw.githubusercontent.com/indpDB/UC-ImageApps-indiankurtidesign/master/C5/TH/6.png,https://raw.githubusercontent.com/indpDB/UC-ImageApps-indiankurtidesign/master/C5/HD/6.png,https://raw.githubusercontent.com/indpDB/UC-ImageApps-indiankurtidesign/master/C6/TH/6.png,https://raw.githubusercontent.com/indpDB/UC-ImageApps-indiankurtidesign/master/C6/HD/6.png,https://raw.githubusercontent.com/indpDB/UC-ImageApps-indiankurtidesign/master/C7/TH/6.png,https://raw.githubusercontent.com/indpDB/UC-ImageApps-indiankurtidesign/master/C7/HD/6.png,https://raw.githubusercontent.com/indpDB/UC-ImageApps-indiankurtidesign/master/C8/TH/6.png,https://raw.githubusercontent.com/indpDB/UC-ImageApps-indiankurtidesign/master/C8/HD/6.png,https://raw.githubusercontent.com/indpDB/UC-ImageApps-indiankurtidesign/master/C9/TH/6.png,https://raw.githubusercontent.com/indpDB/UC-ImageApps-indiankurtidesign/master/C9/HD/6.png,https://raw.githubusercontent.com/indpDB/UC-ImageApps-indiankurtidesign/master/C10/TH/6.png,https://raw.githubusercontent.com/indpDB/UC-ImageApps-indiankurtidesign/master/C10/HD/6.png,,,,,,,,,,,,,,,,,,,,,,,,,,,,,,,,,,,,,,,,,,,,,,,,,,,,,,,,,,
collection7,https://raw.githubusercontent.com/indpDB/UC-ImageApps-indiankurtidesign/master/C7/TH/1.png,Yes,https://raw.githubusercontent.com/indpDB/UC-ImageApps-indiankurtidesign/master/C1/TH/7.png,https://raw.githubusercontent.com/indpDB/UC-ImageApps-indiankurtidesign/master/C1/HD/7.png,https://raw.githubusercontent.com/indpDB/UC-ImageApps-indiankurtidesign/master/C2/TH/7.png,https://raw.githubusercontent.com/indpDB/UC-ImageApps-indiankurtidesign/master/C2/HD/7.png,https://raw.githubusercontent.com/indpDB/UC-ImageApps-indiankurtidesign/master/C3/TH/7.png,https://raw.githubusercontent.com/indpDB/UC-ImageApps-indiankurtidesign/master/C3/HD/7.png,https://raw.githubusercontent.com/indpDB/UC-ImageApps-indiankurtidesign/master/C4/TH/7.png,https://raw.githubusercontent.com/indpDB/UC-ImageApps-indiankurtidesign/master/C4/HD/7.png,https://raw.githubusercontent.com/indpDB/UC-ImageApps-indiankurtidesign/master/C5/TH/7.png,https://raw.githubusercontent.com/indpDB/UC-ImageApps-indiankurtidesign/master/C5/HD/7.png,https://raw.githubusercontent.com/indpDB/UC-ImageApps-indiankurtidesign/master/C6/TH/7.png,https://raw.githubusercontent.com/indpDB/UC-ImageApps-indiankurtidesign/master/C6/HD/7.png,https://raw.githubusercontent.com/indpDB/UC-ImageApps-indiankurtidesign/master/C7/TH/7.png,https://raw.githubusercontent.com/indpDB/UC-ImageApps-indiankurtidesign/master/C7/HD/7.png,https://raw.githubusercontent.com/indpDB/UC-ImageApps-indiankurtidesign/master/C8/TH/7.png,https://raw.githubusercontent.com/indpDB/UC-ImageApps-indiankurtidesign/master/C8/HD/7.png,https://raw.githubusercontent.com/indpDB/UC-ImageApps-indiankurtidesign/master/C9/TH/7.png,https://raw.githubusercontent.com/indpDB/UC-ImageApps-indiankurtidesign/master/C9/HD/7.png,https://raw.githubusercontent.com/indpDB/UC-ImageApps-indiankurtidesign/master/C10/TH/7.png,https://raw.githubusercontent.com/indpDB/UC-ImageApps-indiankurtidesign/master/C10/HD/7.png,,,,,,,,,,,,,,,,,,,,,,,,,,,,,,,,,,,,,,,,,,,,,,,,,,,,,,,,,,
collection8,https://raw.githubusercontent.com/indpDB/UC-ImageApps-indiankurtidesign/master/C8/TH/1.png,Yes,https://raw.githubusercontent.com/indpDB/UC-ImageApps-indiankurtidesign/master/C1/TH/8.png,https://raw.githubusercontent.com/indpDB/UC-ImageApps-indiankurtidesign/master/C1/HD/8.png,https://raw.githubusercontent.com/indpDB/UC-ImageApps-indiankurtidesign/master/C2/TH/8.png,https://raw.githubusercontent.com/indpDB/UC-ImageApps-indiankurtidesign/master/C2/HD/8.png,https://raw.githubusercontent.com/indpDB/UC-ImageApps-indiankurtidesign/master/C3/TH/8.png,https://raw.githubusercontent.com/indpDB/UC-ImageApps-indiankurtidesign/master/C3/HD/8.png,https://raw.githubusercontent.com/indpDB/UC-ImageApps-indiankurtidesign/master/C4/TH/8.png,https://raw.githubusercontent.com/indpDB/UC-ImageApps-indiankurtidesign/master/C4/HD/8.png,https://raw.githubusercontent.com/indpDB/UC-ImageApps-indiankurtidesign/master/C5/TH/8.png,https://raw.githubusercontent.com/indpDB/UC-ImageApps-indiankurtidesign/master/C5/HD/8.png,https://raw.githubusercontent.com/indpDB/UC-ImageApps-indiankurtidesign/master/C6/TH/8.png,https://raw.githubusercontent.com/indpDB/UC-ImageApps-indiankurtidesign/master/C6/HD/8.png,https://raw.githubusercontent.com/indpDB/UC-ImageApps-indiankurtidesign/master/C7/TH/8.png,https://raw.githubusercontent.com/indpDB/UC-ImageApps-indiankurtidesign/master/C7/HD/8.png,https://raw.githubusercontent.com/indpDB/UC-ImageApps-indiankurtidesign/master/C8/TH/8.png,https://raw.githubusercontent.com/indpDB/UC-ImageApps-indiankurtidesign/master/C8/HD/8.png,https://raw.githubusercontent.com/indpDB/UC-ImageApps-indiankurtidesign/master/C9/TH/8.png,https://raw.githubusercontent.com/indpDB/UC-ImageApps-indiankurtidesign/master/C9/HD/8.png,https://raw.githubusercontent.com/indpDB/UC-ImageApps-indiankurtidesign/master/C10/TH/8.png,https://raw.githubusercontent.com/indpDB/UC-ImageApps-indiankurtidesign/master/C10/HD/8.png,,,,,,,,,,,,,,,,,,,,,,,,,,,,,,,,,,,,,,,,,,,,,,,,,,,,,,,,,,
collection9,https://raw.githubusercontent.com/indpDB/UC-ImageApps-indiankurtidesign/master/C9/TH/1.png,Yes,https://raw.githubusercontent.com/indpDB/UC-ImageApps-indiankurtidesign/master/C1/TH/9.png,https://raw.githubusercontent.com/indpDB/UC-ImageApps-indiankurtidesign/master/C1/HD/9.png,https://raw.githubusercontent.com/indpDB/UC-ImageApps-indiankurtidesign/master/C2/TH/9.png,https://raw.githubusercontent.com/indpDB/UC-ImageApps-indiankurtidesign/master/C2/HD/9.png,https://raw.githubusercontent.com/indpDB/UC-ImageApps-indiankurtidesign/master/C3/TH/9.png,https://raw.githubusercontent.com/indpDB/UC-ImageApps-indiankurtidesign/master/C3/HD/9.png,https://raw.githubusercontent.com/indpDB/UC-ImageApps-indiankurtidesign/master/C4/TH/9.png,https://raw.githubusercontent.com/indpDB/UC-ImageApps-indiankurtidesign/master/C4/HD/9.png,https://raw.githubusercontent.com/indpDB/UC-ImageApps-indiankurtidesign/master/C5/TH/9.png,https://raw.githubusercontent.com/indpDB/UC-ImageApps-indiankurtidesign/master/C5/HD/9.png,https://raw.githubusercontent.com/indpDB/UC-ImageApps-indiankurtidesign/master/C6/TH/9.png,https://raw.githubusercontent.com/indpDB/UC-ImageApps-indiankurtidesign/master/C6/HD/9.png,https://raw.githubusercontent.com/indpDB/UC-ImageApps-indiankurtidesign/master/C7/TH/9.png,https://raw.githubusercontent.com/indpDB/UC-ImageApps-indiankurtidesign/master/C7/HD/9.png,https://raw.githubusercontent.com/indpDB/UC-ImageApps-indiankurtidesign/master/C8/TH/9.png,https://raw.githubusercontent.com/indpDB/UC-ImageApps-indiankurtidesign/master/C8/HD/9.png,https://raw.githubusercontent.com/indpDB/UC-ImageApps-indiankurtidesign/master/C9/TH/9.png,https://raw.githubusercontent.com/indpDB/UC-ImageApps-indiankurtidesign/master/C9/HD/9.png,https://raw.githubusercontent.com/indpDB/UC-ImageApps-indiankurtidesign/master/C10/TH/9.png,https://raw.githubusercontent.com/indpDB/UC-ImageApps-indiankurtidesign/master/C10/HD/9.png,,,,,,,,,,,,,,,,,,,,,,,,,,,,,,,,,,,,,,,,,,,,,,,,,,,,,,,,,,
collection10,https://raw.githubusercontent.com/indpDB/UC-ImageApps-indiankurtidesign/master/C10/TH/1.png,Yes,https://raw.githubusercontent.com/indpDB/UC-ImageApps-indiankurtidesign/master/C1/TH/10.png,https://raw.githubusercontent.com/indpDB/UC-ImageApps-indiankurtidesign/master/C1/HD/10.png,https://raw.githubusercontent.com/indpDB/UC-ImageApps-indiankurtidesign/master/C2/TH/10.png,https://raw.githubusercontent.com/indpDB/UC-ImageApps-indiankurtidesign/master/C2/HD/10.png,https://raw.githubusercontent.com/indpDB/UC-ImageApps-indiankurtidesign/master/C3/TH/10.png,https://raw.githubusercontent.com/indpDB/UC-ImageApps-indiankurtidesign/master/C3/HD/10.png,https://raw.githubusercontent.com/indpDB/UC-ImageApps-indiankurtidesign/master/C4/TH/10.png,https://raw.githubusercontent.com/indpDB/UC-ImageApps-indiankurtidesign/master/C4/HD/10.png,https://raw.githubusercontent.com/indpDB/UC-ImageApps-indiankurtidesign/master/C5/TH/10.png,https://raw.githubusercontent.com/indpDB/UC-ImageApps-indiankurtidesign/master/C5/HD/10.png,https://raw.githubusercontent.com/indpDB/UC-ImageApps-indiankurtidesign/master/C6/TH/10.png,https://raw.githubusercontent.com/indpDB/UC-ImageApps-indiankurtidesign/master/C6/HD/10.png,https://raw.githubusercontent.com/indpDB/UC-ImageApps-indiankurtidesign/master/C7/TH/10.png,https://raw.githubusercontent.com/indpDB/UC-ImageApps-indiankurtidesign/master/C7/HD/10.png,https://raw.githubusercontent.com/indpDB/UC-ImageApps-indiankurtidesign/master/C8/TH/10.png,https://raw.githubusercontent.com/indpDB/UC-ImageApps-indiankurtidesign/master/C8/HD/10.png,https://raw.githubusercontent.com/indpDB/UC-ImageApps-indiankurtidesign/master/C9/TH/10.png,https://raw.githubusercontent.com/indpDB/UC-ImageApps-indiankurtidesign/master/C9/HD/10.png,https://raw.githubusercontent.com/indpDB/UC-ImageApps-indiankurtidesign/master/C10/TH/10.png,https://raw.githubusercontent.com/indpDB/UC-ImageApps-indiankurtidesign/master/C10/HD/10.png,,,,,,,,,,,,,,,,,,,,,,,,,,,,,,,,,,,,,,,,,,,,,,,,,,,,,,,,,,
,,,https://raw.githubusercontent.com/indpDB/UC-ImageApps-indiankurtidesign/master/C1/TH/11.png,https://raw.githubusercontent.com/indpDB/UC-ImageApps-indiankurtidesign/master/C1/HD/11.png,https://raw.githubusercontent.com/indpDB/UC-ImageApps-indiankurtidesign/master/C2/TH/11.png,https://raw.githubusercontent.com/indpDB/UC-ImageApps-indiankurtidesign/master/C2/HD/11.png,https://raw.githubusercontent.com/indpDB/UC-ImageApps-indiankurtidesign/master/C3/TH/11.png,https://raw.githubusercontent.com/indpDB/UC-ImageApps-indiankurtidesign/master/C3/HD/11.png,https://raw.githubusercontent.com/indpDB/UC-ImageApps-indiankurtidesign/master/C4/TH/11.png,https://raw.githubusercontent.com/indpDB/UC-ImageApps-indiankurtidesign/master/C4/HD/11.png,https://raw.githubusercontent.com/indpDB/UC-ImageApps-indiankurtidesign/master/C5/TH/11.png,https://raw.githubusercontent.com/indpDB/UC-ImageApps-indiankurtidesign/master/C5/HD/11.png,https://raw.githubusercontent.com/indpDB/UC-ImageApps-indiankurtidesign/master/C6/TH/11.png,https://raw.githubusercontent.com/indpDB/UC-ImageApps-indiankurtidesign/master/C6/HD/11.png,https://raw.githubusercontent.com/indpDB/UC-ImageApps-indiankurtidesign/master/C7/TH/11.png,https://raw.githubusercontent.com/indpDB/UC-ImageApps-indiankurtidesign/master/C7/HD/11.png,https://raw.githubusercontent.com/indpDB/UC-ImageApps-indiankurtidesign/master/C8/TH/11.png,https://raw.githubusercontent.com/indpDB/UC-ImageApps-indiankurtidesign/master/C8/HD/11.png,https://raw.githubusercontent.com/indpDB/UC-ImageApps-indiankurtidesign/master/C9/TH/11.png,https://raw.githubusercontent.com/indpDB/UC-ImageApps-indiankurtidesign/master/C9/HD/11.png,https://raw.githubusercontent.com/indpDB/UC-ImageApps-indiankurtidesign/master/C10/TH/11.png,https://raw.githubusercontent.com/indpDB/UC-ImageApps-indiankurtidesign/master/C10/HD/11.png,,,,,,,,,,,,,,,,,,,,,,,,,,,,,,,,,,,,,,,,,,,,,,,,,,,,,,,,,,
,,,https://raw.githubusercontent.com/indpDB/UC-ImageApps-indiankurtidesign/master/C1/TH/12.png,https://raw.githubusercontent.com/indpDB/UC-ImageApps-indiankurtidesign/master/C1/HD/12.png,https://raw.githubusercontent.com/indpDB/UC-ImageApps-indiankurtidesign/master/C2/TH/12.png,https://raw.githubusercontent.com/indpDB/UC-ImageApps-indiankurtidesign/master/C2/HD/12.png,https://raw.githubusercontent.com/indpDB/UC-ImageApps-indiankurtidesign/master/C3/TH/12.png,https://raw.githubusercontent.com/indpDB/UC-ImageApps-indiankurtidesign/master/C3/HD/12.png,https://raw.githubusercontent.com/indpDB/UC-ImageApps-indiankurtidesign/master/C4/TH/12.png,https://raw.githubusercontent.com/indpDB/UC-ImageApps-indiankurtidesign/master/C4/HD/12.png,https://raw.githubusercontent.com/indpDB/UC-ImageApps-indiankurtidesign/master/C5/TH/12.png,https://raw.githubusercontent.com/indpDB/UC-ImageApps-indiankurtidesign/master/C5/HD/12.png,https://raw.githubusercontent.com/indpDB/UC-ImageApps-indiankurtidesign/master/C6/TH/12.png,https://raw.githubusercontent.com/indpDB/UC-ImageApps-indiankurtidesign/master/C6/HD/12.png,https://raw.githubusercontent.com/indpDB/UC-ImageApps-indiankurtidesign/master/C7/TH/12.png,https://raw.githubusercontent.com/indpDB/UC-ImageApps-indiankurtidesign/master/C7/HD/12.png,https://raw.githubusercontent.com/indpDB/UC-ImageApps-indiankurtidesign/master/C8/TH/12.png,https://raw.githubusercontent.com/indpDB/UC-ImageApps-indiankurtidesign/master/C8/HD/12.png,https://raw.githubusercontent.com/indpDB/UC-ImageApps-indiankurtidesign/master/C9/TH/12.png,https://raw.githubusercontent.com/indpDB/UC-ImageApps-indiankurtidesign/master/C9/HD/12.png,https://raw.githubusercontent.com/indpDB/UC-ImageApps-indiankurtidesign/master/C10/TH/12.png,https://raw.githubusercontent.com/indpDB/UC-ImageApps-indiankurtidesign/master/C10/HD/12.png,,,,,,,,,,,,,,,,,,,,,,,,,,,,,,,,,,,,,,,,,,,,,,,,,,,,,,,,,,
,,,https://raw.githubusercontent.com/indpDB/UC-ImageApps-indiankurtidesign/master/C1/TH/13.png,https://raw.githubusercontent.com/indpDB/UC-ImageApps-indiankurtidesign/master/C1/HD/13.png,https://raw.githubusercontent.com/indpDB/UC-ImageApps-indiankurtidesign/master/C2/TH/13.png,https://raw.githubusercontent.com/indpDB/UC-ImageApps-indiankurtidesign/master/C2/HD/13.png,https://raw.githubusercontent.com/indpDB/UC-ImageApps-indiankurtidesign/master/C3/TH/13.png,https://raw.githubusercontent.com/indpDB/UC-ImageApps-indiankurtidesign/master/C3/HD/13.png,https://raw.githubusercontent.com/indpDB/UC-ImageApps-indiankurtidesign/master/C4/TH/13.png,https://raw.githubusercontent.com/indpDB/UC-ImageApps-indiankurtidesign/master/C4/HD/13.png,https://raw.githubusercontent.com/indpDB/UC-ImageApps-indiankurtidesign/master/C5/TH/13.png,https://raw.githubusercontent.com/indpDB/UC-ImageApps-indiankurtidesign/master/C5/HD/13.png,https://raw.githubusercontent.com/indpDB/UC-ImageApps-indiankurtidesign/master/C6/TH/13.png,https://raw.githubusercontent.com/indpDB/UC-ImageApps-indiankurtidesign/master/C6/HD/13.png,https://raw.githubusercontent.com/indpDB/UC-ImageApps-indiankurtidesign/master/C7/TH/13.png,https://raw.githubusercontent.com/indpDB/UC-ImageApps-indiankurtidesign/master/C7/HD/13.png,https://raw.githubusercontent.com/indpDB/UC-ImageApps-indiankurtidesign/master/C8/TH/13.png,https://raw.githubusercontent.com/indpDB/UC-ImageApps-indiankurtidesign/master/C8/HD/13.png,https://raw.githubusercontent.com/indpDB/UC-ImageApps-indiankurtidesign/master/C9/TH/13.png,https://raw.githubusercontent.com/indpDB/UC-ImageApps-indiankurtidesign/master/C9/HD/13.png,https://raw.githubusercontent.com/indpDB/UC-ImageApps-indiankurtidesign/master/C10/TH/13.png,https://raw.githubusercontent.com/indpDB/UC-ImageApps-indiankurtidesign/master/C10/HD/13.png,,,,,,,,,,,,,,,,,,,,,,,,,,,,,,,,,,,,,,,,,,,,,,,,,,,,,,,,,,
,,,https://raw.githubusercontent.com/indpDB/UC-ImageApps-indiankurtidesign/master/C1/TH/14.png,https://raw.githubusercontent.com/indpDB/UC-ImageApps-indiankurtidesign/master/C1/HD/14.png,https://raw.githubusercontent.com/indpDB/UC-ImageApps-indiankurtidesign/master/C2/TH/14.png,https://raw.githubusercontent.com/indpDB/UC-ImageApps-indiankurtidesign/master/C2/HD/14.png,https://raw.githubusercontent.com/indpDB/UC-ImageApps-indiankurtidesign/master/C3/TH/14.png,https://raw.githubusercontent.com/indpDB/UC-ImageApps-indiankurtidesign/master/C3/HD/14.png,https://raw.githubusercontent.com/indpDB/UC-ImageApps-indiankurtidesign/master/C4/TH/14.png,https://raw.githubusercontent.com/indpDB/UC-ImageApps-indiankurtidesign/master/C4/HD/14.png,https://raw.githubusercontent.com/indpDB/UC-ImageApps-indiankurtidesign/master/C5/TH/14.png,https://raw.githubusercontent.com/indpDB/UC-ImageApps-indiankurtidesign/master/C5/HD/14.png,https://raw.githubusercontent.com/indpDB/UC-ImageApps-indiankurtidesign/master/C6/TH/14.png,https://raw.githubusercontent.com/indpDB/UC-ImageApps-indiankurtidesign/master/C6/HD/14.png,https://raw.githubusercontent.com/indpDB/UC-ImageApps-indiankurtidesign/master/C7/TH/14.png,https://raw.githubusercontent.com/indpDB/UC-ImageApps-indiankurtidesign/master/C7/HD/14.png,https://raw.githubusercontent.com/indpDB/UC-ImageApps-indiankurtidesign/master/C8/TH/14.png,https://raw.githubusercontent.com/indpDB/UC-ImageApps-indiankurtidesign/master/C8/HD/14.png,https://raw.githubusercontent.com/indpDB/UC-ImageApps-indiankurtidesign/master/C9/TH/14.png,https://raw.githubusercontent.com/indpDB/UC-ImageApps-indiankurtidesign/master/C9/HD/14.png,https://raw.githubusercontent.com/indpDB/UC-ImageApps-indiankurtidesign/master/C10/TH/14.png,https://raw.githubusercontent.com/indpDB/UC-ImageApps-indiankurtidesign/master/C10/HD/14.png,,,,,,,,,,,,,,,,,,,,,,,,,,,,,,,,,,,,,,,,,,,,,,,,,,,,,,,,,,
,,,https://raw.githubusercontent.com/indpDB/UC-ImageApps-indiankurtidesign/master/C1/TH/15.png,https://raw.githubusercontent.com/indpDB/UC-ImageApps-indiankurtidesign/master/C1/HD/15.png,https://raw.githubusercontent.com/indpDB/UC-ImageApps-indiankurtidesign/master/C2/TH/15.png,https://raw.githubusercontent.com/indpDB/UC-ImageApps-indiankurtidesign/master/C2/HD/15.png,https://raw.githubusercontent.com/indpDB/UC-ImageApps-indiankurtidesign/master/C3/TH/15.png,https://raw.githubusercontent.com/indpDB/UC-ImageApps-indiankurtidesign/master/C3/HD/15.png,https://raw.githubusercontent.com/indpDB/UC-ImageApps-indiankurtidesign/master/C4/TH/15.png,https://raw.githubusercontent.com/indpDB/UC-ImageApps-indiankurtidesign/master/C4/HD/15.png,https://raw.githubusercontent.com/indpDB/UC-ImageApps-indiankurtidesign/master/C5/TH/15.png,https://raw.githubusercontent.com/indpDB/UC-ImageApps-indiankurtidesign/master/C5/HD/15.png,https://raw.githubusercontent.com/indpDB/UC-ImageApps-indiankurtidesign/master/C6/TH/15.png,https://raw.githubusercontent.com/indpDB/UC-ImageApps-indiankurtidesign/master/C6/HD/15.png,https://raw.githubusercontent.com/indpDB/UC-ImageApps-indiankurtidesign/master/C7/TH/15.png,https://raw.githubusercontent.com/indpDB/UC-ImageApps-indiankurtidesign/master/C7/HD/15.png,https://raw.githubusercontent.com/indpDB/UC-ImageApps-indiankurtidesign/master/C8/TH/15.png,https://raw.githubusercontent.com/indpDB/UC-ImageApps-indiankurtidesign/master/C8/HD/15.png,https://raw.githubusercontent.com/indpDB/UC-ImageApps-indiankurtidesign/master/C9/TH/15.png,https://raw.githubusercontent.com/indpDB/UC-ImageApps-indiankurtidesign/master/C9/HD/15.png,https://raw.githubusercontent.com/indpDB/UC-ImageApps-indiankurtidesign/master/C10/TH/15.png,https://raw.githubusercontent.com/indpDB/UC-ImageApps-indiankurtidesign/master/C10/HD/15.png,,,,,,,,,,,,,,,,,,,,,,,,,,,,,,,,,,,,,,,,,,,,,,,,,,,,,,,,,,
,,,https://raw.githubusercontent.com/indpDB/UC-ImageApps-indiankurtidesign/master/C1/TH/16.png,https://raw.githubusercontent.com/indpDB/UC-ImageApps-indiankurtidesign/master/C1/HD/16.png,https://raw.githubusercontent.com/indpDB/UC-ImageApps-indiankurtidesign/master/C2/TH/16.png,https://raw.githubusercontent.com/indpDB/UC-ImageApps-indiankurtidesign/master/C2/HD/16.png,https://raw.githubusercontent.com/indpDB/UC-ImageApps-indiankurtidesign/master/C3/TH/16.png,https://raw.githubusercontent.com/indpDB/UC-ImageApps-indiankurtidesign/master/C3/HD/16.png,https://raw.githubusercontent.com/indpDB/UC-ImageApps-indiankurtidesign/master/C4/TH/16.png,https://raw.githubusercontent.com/indpDB/UC-ImageApps-indiankurtidesign/master/C4/HD/16.png,https://raw.githubusercontent.com/indpDB/UC-ImageApps-indiankurtidesign/master/C5/TH/16.png,https://raw.githubusercontent.com/indpDB/UC-ImageApps-indiankurtidesign/master/C5/HD/16.png,https://raw.githubusercontent.com/indpDB/UC-ImageApps-indiankurtidesign/master/C6/TH/16.png,https://raw.githubusercontent.com/indpDB/UC-ImageApps-indiankurtidesign/master/C6/HD/16.png,https://raw.githubusercontent.com/indpDB/UC-ImageApps-indiankurtidesign/master/C7/TH/16.png,https://raw.githubusercontent.com/indpDB/UC-ImageApps-indiankurtidesign/master/C7/HD/16.png,https://raw.githubusercontent.com/indpDB/UC-ImageApps-indiankurtidesign/master/C8/TH/16.png,https://raw.githubusercontent.com/indpDB/UC-ImageApps-indiankurtidesign/master/C8/HD/16.png,https://raw.githubusercontent.com/indpDB/UC-ImageApps-indiankurtidesign/master/C9/TH/16.png,https://raw.githubusercontent.com/indpDB/UC-ImageApps-indiankurtidesign/master/C9/HD/16.png,https://raw.githubusercontent.com/indpDB/UC-ImageApps-indiankurtidesign/master/C10/TH/16.png,https://raw.githubusercontent.com/indpDB/UC-ImageApps-indiankurtidesign/master/C10/HD/16.png,,,,,,,,,,,,,,,,,,,,,,,,,,,,,,,,,,,,,,,,,,,,,,,,,,,,,,,,,,
,,,https://raw.githubusercontent.com/indpDB/UC-ImageApps-indiankurtidesign/master/C1/TH/17.png,https://raw.githubusercontent.com/indpDB/UC-ImageApps-indiankurtidesign/master/C1/HD/17.png,https://raw.githubusercontent.com/indpDB/UC-ImageApps-indiankurtidesign/master/C2/TH/17.png,https://raw.githubusercontent.com/indpDB/UC-ImageApps-indiankurtidesign/master/C2/HD/17.png,https://raw.githubusercontent.com/indpDB/UC-ImageApps-indiankurtidesign/master/C3/TH/17.png,https://raw.githubusercontent.com/indpDB/UC-ImageApps-indiankurtidesign/master/C3/HD/17.png,https://raw.githubusercontent.com/indpDB/UC-ImageApps-indiankurtidesign/master/C4/TH/17.png,https://raw.githubusercontent.com/indpDB/UC-ImageApps-indiankurtidesign/master/C4/HD/17.png,https://raw.githubusercontent.com/indpDB/UC-ImageApps-indiankurtidesign/master/C5/TH/17.png,https://raw.githubusercontent.com/indpDB/UC-ImageApps-indiankurtidesign/master/C5/HD/17.png,https://raw.githubusercontent.com/indpDB/UC-ImageApps-indiankurtidesign/master/C6/TH/17.png,https://raw.githubusercontent.com/indpDB/UC-ImageApps-indiankurtidesign/master/C6/HD/17.png,https://raw.githubusercontent.com/indpDB/UC-ImageApps-indiankurtidesign/master/C7/TH/17.png,https://raw.githubusercontent.com/indpDB/UC-ImageApps-indiankurtidesign/master/C7/HD/17.png,https://raw.githubusercontent.com/indpDB/UC-ImageApps-indiankurtidesign/master/C8/TH/17.png,https://raw.githubusercontent.com/indpDB/UC-ImageApps-indiankurtidesign/master/C8/HD/17.png,https://raw.githubusercontent.com/indpDB/UC-ImageApps-indiankurtidesign/master/C9/TH/17.png,https://raw.githubusercontent.com/indpDB/UC-ImageApps-indiankurtidesign/master/C9/HD/17.png,https://raw.githubusercontent.com/indpDB/UC-ImageApps-indiankurtidesign/master/C10/TH/17.png,https://raw.githubusercontent.com/indpDB/UC-ImageApps-indiankurtidesign/master/C10/HD/17.png,,,,,,,,,,,,,,,,,,,,,,,,,,,,,,,,,,,,,,,,,,,,,,,,,,,,,,,,,,
,,,https://raw.githubusercontent.com/indpDB/UC-ImageApps-indiankurtidesign/master/C1/TH/18.png,https://raw.githubusercontent.com/indpDB/UC-ImageApps-indiankurtidesign/master/C1/HD/18.png,https://raw.githubusercontent.com/indpDB/UC-ImageApps-indiankurtidesign/master/C2/TH/18.png,https://raw.githubusercontent.com/indpDB/UC-ImageApps-indiankurtidesign/master/C2/HD/18.png,https://raw.githubusercontent.com/indpDB/UC-ImageApps-indiankurtidesign/master/C3/TH/18.png,https://raw.githubusercontent.com/indpDB/UC-ImageApps-indiankurtidesign/master/C3/HD/18.png,https://raw.githubusercontent.com/indpDB/UC-ImageApps-indiankurtidesign/master/C4/TH/18.png,https://raw.githubusercontent.com/indpDB/UC-ImageApps-indiankurtidesign/master/C4/HD/18.png,https://raw.githubusercontent.com/indpDB/UC-ImageApps-indiankurtidesign/master/C5/TH/18.png,https://raw.githubusercontent.com/indpDB/UC-ImageApps-indiankurtidesign/master/C5/HD/18.png,https://raw.githubusercontent.com/indpDB/UC-ImageApps-indiankurtidesign/master/C6/TH/18.png,https://raw.githubusercontent.com/indpDB/UC-ImageApps-indiankurtidesign/master/C6/HD/18.png,https://raw.githubusercontent.com/indpDB/UC-ImageApps-indiankurtidesign/master/C7/TH/18.png,https://raw.githubusercontent.com/indpDB/UC-ImageApps-indiankurtidesign/master/C7/HD/18.png,https://raw.githubusercontent.com/indpDB/UC-ImageApps-indiankurtidesign/master/C8/TH/18.png,https://raw.githubusercontent.com/indpDB/UC-ImageApps-indiankurtidesign/master/C8/HD/18.png,https://raw.githubusercontent.com/indpDB/UC-ImageApps-indiankurtidesign/master/C9/TH/18.png,https://raw.githubusercontent.com/indpDB/UC-ImageApps-indiankurtidesign/master/C9/HD/18.png,https://raw.githubusercontent.com/indpDB/UC-ImageApps-indiankurtidesign/master/C10/TH/18.png,https://raw.githubusercontent.com/indpDB/UC-ImageApps-indiankurtidesign/master/C10/HD/18.png,,,,,,,,,,,,,,,,,,,,,,,,,,,,,,,,,,,,,,,,,,,,,,,,,,,,,,,,,,
,,,https://raw.githubusercontent.com/indpDB/UC-ImageApps-indiankurtidesign/master/C1/TH/19.png,https://raw.githubusercontent.com/indpDB/UC-ImageApps-indiankurtidesign/master/C1/HD/19.png,https://raw.githubusercontent.com/indpDB/UC-ImageApps-indiankurtidesign/master/C2/TH/19.png,https://raw.githubusercontent.com/indpDB/UC-ImageApps-indiankurtidesign/master/C2/HD/19.png,https://raw.githubusercontent.com/indpDB/UC-ImageApps-indiankurtidesign/master/C3/TH/19.png,https://raw.githubusercontent.com/indpDB/UC-ImageApps-indiankurtidesign/master/C3/HD/19.png,https://raw.githubusercontent.com/indpDB/UC-ImageApps-indiankurtidesign/master/C4/TH/19.png,https://raw.githubusercontent.com/indpDB/UC-ImageApps-indiankurtidesign/master/C4/HD/19.png,https://raw.githubusercontent.com/indpDB/UC-ImageApps-indiankurtidesign/master/C5/TH/19.png,https://raw.githubusercontent.com/indpDB/UC-ImageApps-indiankurtidesign/master/C5/HD/19.png,https://raw.githubusercontent.com/indpDB/UC-ImageApps-indiankurtidesign/master/C6/TH/19.png,https://raw.githubusercontent.com/indpDB/UC-ImageApps-indiankurtidesign/master/C6/HD/19.png,https://raw.githubusercontent.com/indpDB/UC-ImageApps-indiankurtidesign/master/C7/TH/19.png,https://raw.githubusercontent.com/indpDB/UC-ImageApps-indiankurtidesign/master/C7/HD/19.png,https://raw.githubusercontent.com/indpDB/UC-ImageApps-indiankurtidesign/master/C8/TH/19.png,https://raw.githubusercontent.com/indpDB/UC-ImageApps-indiankurtidesign/master/C8/HD/19.png,https://raw.githubusercontent.com/indpDB/UC-ImageApps-indiankurtidesign/master/C9/TH/19.png,https://raw.githubusercontent.com/indpDB/UC-ImageApps-indiankurtidesign/master/C9/HD/19.png,https://raw.githubusercontent.com/indpDB/UC-ImageApps-indiankurtidesign/master/C10/TH/19.png,https://raw.githubusercontent.com/indpDB/UC-ImageApps-indiankurtidesign/master/C10/HD/19.png,,,,,,,,,,,,,,,,,,,,,,,,,,,,,,,,,,,,,,,,,,,,,,,,,,,,,,,,,,
,,,https://raw.githubusercontent.com/indpDB/UC-ImageApps-indiankurtidesign/master/C1/TH/20.png,https://raw.githubusercontent.com/indpDB/UC-ImageApps-indiankurtidesign/master/C1/HD/20.png,https://raw.githubusercontent.com/indpDB/UC-ImageApps-indiankurtidesign/master/C2/TH/20.png,https://raw.githubusercontent.com/indpDB/UC-ImageApps-indiankurtidesign/master/C2/HD/20.png,https://raw.githubusercontent.com/indpDB/UC-ImageApps-indiankurtidesign/master/C3/TH/20.png,https://raw.githubusercontent.com/indpDB/UC-ImageApps-indiankurtidesign/master/C3/HD/20.png,https://raw.githubusercontent.com/indpDB/UC-ImageApps-indiankurtidesign/master/C4/TH/20.png,https://raw.githubusercontent.com/indpDB/UC-ImageApps-indiankurtidesign/master/C4/HD/20.png,https://raw.githubusercontent.com/indpDB/UC-ImageApps-indiankurtidesign/master/C5/TH/20.png,https://raw.githubusercontent.com/indpDB/UC-ImageApps-indiankurtidesign/master/C5/HD/20.png,https://raw.githubusercontent.com/indpDB/UC-ImageApps-indiankurtidesign/master/C6/TH/20.png,https://raw.githubusercontent.com/indpDB/UC-ImageApps-indiankurtidesign/master/C6/HD/20.png,https://raw.githubusercontent.com/indpDB/UC-ImageApps-indiankurtidesign/master/C7/TH/20.png,https://raw.githubusercontent.com/indpDB/UC-ImageApps-indiankurtidesign/master/C7/HD/20.png,https://raw.githubusercontent.com/indpDB/UC-ImageApps-indiankurtidesign/master/C8/TH/20.png,https://raw.githubusercontent.com/indpDB/UC-ImageApps-indiankurtidesign/master/C8/HD/20.png,https://raw.githubusercontent.com/indpDB/UC-ImageApps-indiankurtidesign/master/C9/TH/20.png,https://raw.githubusercontent.com/indpDB/UC-ImageApps-indiankurtidesign/master/C9/HD/20.png,https://raw.githubusercontent.com/indpDB/UC-ImageApps-indiankurtidesign/master/C10/TH/20.png,https://raw.githubusercontent.com/indpDB/UC-ImageApps-indiankurtidesign/master/C10/HD/20.png,,,,,,,,,,,,,,,,,,,,,,,,,,,,,,,,,,,,,,,,,,,,,,,,,,,,,,,,,,
,,,https://raw.githubusercontent.com/indpDB/UC-ImageApps-indiankurtidesign/master/C1/TH/21.png,https://raw.githubusercontent.com/indpDB/UC-ImageApps-indiankurtidesign/master/C1/HD/21.png,https://raw.githubusercontent.com/indpDB/UC-ImageApps-indiankurtidesign/master/C2/TH/21.png,https://raw.githubusercontent.com/indpDB/UC-ImageApps-indiankurtidesign/master/C2/HD/21.png,https://raw.githubusercontent.com/indpDB/UC-ImageApps-indiankurtidesign/master/C3/TH/21.png,https://raw.githubusercontent.com/indpDB/UC-ImageApps-indiankurtidesign/master/C3/HD/21.png,https://raw.githubusercontent.com/indpDB/UC-ImageApps-indiankurtidesign/master/C4/TH/21.png,https://raw.githubusercontent.com/indpDB/UC-ImageApps-indiankurtidesign/master/C4/HD/21.png,https://raw.githubusercontent.com/indpDB/UC-ImageApps-indiankurtidesign/master/C5/TH/21.png,https://raw.githubusercontent.com/indpDB/UC-ImageApps-indiankurtidesign/master/C5/HD/21.png,https://raw.githubusercontent.com/indpDB/UC-ImageApps-indiankurtidesign/master/C6/TH/21.png,https://raw.githubusercontent.com/indpDB/UC-ImageApps-indiankurtidesign/master/C6/HD/21.png,https://raw.githubusercontent.com/indpDB/UC-ImageApps-indiankurtidesign/master/C7/TH/21.png,https://raw.githubusercontent.com/indpDB/UC-ImageApps-indiankurtidesign/master/C7/HD/21.png,https://raw.githubusercontent.com/indpDB/UC-ImageApps-indiankurtidesign/master/C8/TH/21.png,https://raw.githubusercontent.com/indpDB/UC-ImageApps-indiankurtidesign/master/C8/HD/21.png,https://raw.githubusercontent.com/indpDB/UC-ImageApps-indiankurtidesign/master/C9/TH/21.png,https://raw.githubusercontent.com/indpDB/UC-ImageApps-indiankurtidesign/master/C9/HD/21.png,https://raw.githubusercontent.com/indpDB/UC-ImageApps-indiankurtidesign/master/C10/TH/21.png,https://raw.githubusercontent.com/indpDB/UC-ImageApps-indiankurtidesign/master/C10/HD/21.png,,,,,,,,,,,,,,,,,,,,,,,,,,,,,,,,,,,,,,,,,,,,,,,,,,,,,,,,,,
,,,https://raw.githubusercontent.com/indpDB/UC-ImageApps-indiankurtidesign/master/C1/TH/22.png,https://raw.githubusercontent.com/indpDB/UC-ImageApps-indiankurtidesign/master/C1/HD/22.png,https://raw.githubusercontent.com/indpDB/UC-ImageApps-indiankurtidesign/master/C2/TH/22.png,https://raw.githubusercontent.com/indpDB/UC-ImageApps-indiankurtidesign/master/C2/HD/22.png,https://raw.githubusercontent.com/indpDB/UC-ImageApps-indiankurtidesign/master/C3/TH/22.png,https://raw.githubusercontent.com/indpDB/UC-ImageApps-indiankurtidesign/master/C3/HD/22.png,https://raw.githubusercontent.com/indpDB/UC-ImageApps-indiankurtidesign/master/C4/TH/22.png,https://raw.githubusercontent.com/indpDB/UC-ImageApps-indiankurtidesign/master/C4/HD/22.png,https://raw.githubusercontent.com/indpDB/UC-ImageApps-indiankurtidesign/master/C5/TH/22.png,https://raw.githubusercontent.com/indpDB/UC-ImageApps-indiankurtidesign/master/C5/HD/22.png,https://raw.githubusercontent.com/indpDB/UC-ImageApps-indiankurtidesign/master/C6/TH/22.png,https://raw.githubusercontent.com/indpDB/UC-ImageApps-indiankurtidesign/master/C6/HD/22.png,https://raw.githubusercontent.com/indpDB/UC-ImageApps-indiankurtidesign/master/C7/TH/22.png,https://raw.githubusercontent.com/indpDB/UC-ImageApps-indiankurtidesign/master/C7/HD/22.png,https://raw.githubusercontent.com/indpDB/UC-ImageApps-indiankurtidesign/master/C8/TH/22.png,https://raw.githubusercontent.com/indpDB/UC-ImageApps-indiankurtidesign/master/C8/HD/22.png,https://raw.githubusercontent.com/indpDB/UC-ImageApps-indiankurtidesign/master/C9/TH/22.png,https://raw.githubusercontent.com/indpDB/UC-ImageApps-indiankurtidesign/master/C9/HD/22.png,https://raw.githubusercontent.com/indpDB/UC-ImageApps-indiankurtidesign/master/C10/TH/22.png,https://raw.githubusercontent.com/indpDB/UC-ImageApps-indiankurtidesign/master/C10/HD/22.png,,,,,,,,,,,,,,,,,,,,,,,,,,,,,,,,,,,,,,,,,,,,,,,,,,,,,,,,,,
,,,https://raw.githubusercontent.com/indpDB/UC-ImageApps-indiankurtidesign/master/C1/TH/23.png,https://raw.githubusercontent.com/indpDB/UC-ImageApps-indiankurtidesign/master/C1/HD/23.png,https://raw.githubusercontent.com/indpDB/UC-ImageApps-indiankurtidesign/master/C2/TH/23.png,https://raw.githubusercontent.com/indpDB/UC-ImageApps-indiankurtidesign/master/C2/HD/23.png,https://raw.githubusercontent.com/indpDB/UC-ImageApps-indiankurtidesign/master/C3/TH/23.png,https://raw.githubusercontent.com/indpDB/UC-ImageApps-indiankurtidesign/master/C3/HD/23.png,https://raw.githubusercontent.com/indpDB/UC-ImageApps-indiankurtidesign/master/C4/TH/23.png,https://raw.githubusercontent.com/indpDB/UC-ImageApps-indiankurtidesign/master/C4/HD/23.png,https://raw.githubusercontent.com/indpDB/UC-ImageApps-indiankurtidesign/master/C5/TH/23.png,https://raw.githubusercontent.com/indpDB/UC-ImageApps-indiankurtidesign/master/C5/HD/23.png,https://raw.githubusercontent.com/indpDB/UC-ImageApps-indiankurtidesign/master/C6/TH/23.png,https://raw.githubusercontent.com/indpDB/UC-ImageApps-indiankurtidesign/master/C6/HD/23.png,https://raw.githubusercontent.com/indpDB/UC-ImageApps-indiankurtidesign/master/C7/TH/23.png,https://raw.githubusercontent.com/indpDB/UC-ImageApps-indiankurtidesign/master/C7/HD/23.png,https://raw.githubusercontent.com/indpDB/UC-ImageApps-indiankurtidesign/master/C8/TH/23.png,https://raw.githubusercontent.com/indpDB/UC-ImageApps-indiankurtidesign/master/C8/HD/23.png,https://raw.githubusercontent.com/indpDB/UC-ImageApps-indiankurtidesign/master/C9/TH/23.png,https://raw.githubusercontent.com/indpDB/UC-ImageApps-indiankurtidesign/master/C9/HD/23.png,https://raw.githubusercontent.com/indpDB/UC-ImageApps-indiankurtidesign/master/C10/TH/23.png,https://raw.githubusercontent.com/indpDB/UC-ImageApps-indiankurtidesign/master/C10/HD/23.png,,,,,,,,,,,,,,,,,,,,,,,,,,,,,,,,,,,,,,,,,,,,,,,,,,,,,,,,,,
,,,https://raw.githubusercontent.com/indpDB/UC-ImageApps-indiankurtidesign/master/C1/TH/24.png,https://raw.githubusercontent.com/indpDB/UC-ImageApps-indiankurtidesign/master/C1/HD/24.png,https://raw.githubusercontent.com/indpDB/UC-ImageApps-indiankurtidesign/master/C2/TH/24.png,https://raw.githubusercontent.com/indpDB/UC-ImageApps-indiankurtidesign/master/C2/HD/24.png,https://raw.githubusercontent.com/indpDB/UC-ImageApps-indiankurtidesign/master/C3/TH/24.png,https://raw.githubusercontent.com/indpDB/UC-ImageApps-indiankurtidesign/master/C3/HD/24.png,https://raw.githubusercontent.com/indpDB/UC-ImageApps-indiankurtidesign/master/C4/TH/24.png,https://raw.githubusercontent.com/indpDB/UC-ImageApps-indiankurtidesign/master/C4/HD/24.png,https://raw.githubusercontent.com/indpDB/UC-ImageApps-indiankurtidesign/master/C5/TH/24.png,https://raw.githubusercontent.com/indpDB/UC-ImageApps-indiankurtidesign/master/C5/HD/24.png,https://raw.githubusercontent.com/indpDB/UC-ImageApps-indiankurtidesign/master/C6/TH/24.png,https://raw.githubusercontent.com/indpDB/UC-ImageApps-indiankurtidesign/master/C6/HD/24.png,https://raw.githubusercontent.com/indpDB/UC-ImageApps-indiankurtidesign/master/C7/TH/24.png,https://raw.githubusercontent.com/indpDB/UC-ImageApps-indiankurtidesign/master/C7/HD/24.png,https://raw.githubusercontent.com/indpDB/UC-ImageApps-indiankurtidesign/master/C8/TH/24.png,https://raw.githubusercontent.com/indpDB/UC-ImageApps-indiankurtidesign/master/C8/HD/24.png,https://raw.githubusercontent.com/indpDB/UC-ImageApps-indiankurtidesign/master/C9/TH/24.png,https://raw.githubusercontent.com/indpDB/UC-ImageApps-indiankurtidesign/master/C9/HD/24.png,https://raw.githubusercontent.com/indpDB/UC-ImageApps-indiankurtidesign/master/C10/TH/24.png,https://raw.githubusercontent.com/indpDB/UC-ImageApps-indiankurtidesign/master/C10/HD/24.png,,,,,,,,,,,,,,,,,,,,,,,,,,,,,,,,,,,,,,,,,,,,,,,,,,,,,,,,,,
,,,https://raw.githubusercontent.com/indpDB/UC-ImageApps-indiankurtidesign/master/C1/TH/25.png,https://raw.githubusercontent.com/indpDB/UC-ImageApps-indiankurtidesign/master/C1/HD/25.png,https://raw.githubusercontent.com/indpDB/UC-ImageApps-indiankurtidesign/master/C2/TH/25.png,https://raw.githubusercontent.com/indpDB/UC-ImageApps-indiankurtidesign/master/C2/HD/25.png,https://raw.githubusercontent.com/indpDB/UC-ImageApps-indiankurtidesign/master/C3/TH/25.png,https://raw.githubusercontent.com/indpDB/UC-ImageApps-indiankurtidesign/master/C3/HD/25.png,https://raw.githubusercontent.com/indpDB/UC-ImageApps-indiankurtidesign/master/C4/TH/25.png,https://raw.githubusercontent.com/indpDB/UC-ImageApps-indiankurtidesign/master/C4/HD/25.png,https://raw.githubusercontent.com/indpDB/UC-ImageApps-indiankurtidesign/master/C5/TH/25.png,https://raw.githubusercontent.com/indpDB/UC-ImageApps-indiankurtidesign/master/C5/HD/25.png,https://raw.githubusercontent.com/indpDB/UC-ImageApps-indiankurtidesign/master/C6/TH/25.png,https://raw.githubusercontent.com/indpDB/UC-ImageApps-indiankurtidesign/master/C6/HD/25.png,https://raw.githubusercontent.com/indpDB/UC-ImageApps-indiankurtidesign/master/C7/TH/25.png,https://raw.githubusercontent.com/indpDB/UC-ImageApps-indiankurtidesign/master/C7/HD/25.png,https://raw.githubusercontent.com/indpDB/UC-ImageApps-indiankurtidesign/master/C8/TH/25.png,https://raw.githubusercontent.com/indpDB/UC-ImageApps-indiankurtidesign/master/C8/HD/25.png,https://raw.githubusercontent.com/indpDB/UC-ImageApps-indiankurtidesign/master/C9/TH/25.png,https://raw.githubusercontent.com/indpDB/UC-ImageApps-indiankurtidesign/master/C9/HD/25.png,https://raw.githubusercontent.com/indpDB/UC-ImageApps-indiankurtidesign/master/C10/TH/25.png,https://raw.githubusercontent.com/indpDB/UC-ImageApps-indiankurtidesign/master/C10/HD/25.png,,,,,,,,,,,,,,,,,,,,,,,,,,,,,,,,,,,,,,,,,,,,,,,,,,,,,,,,,,
,,,https://raw.githubusercontent.com/indpDB/UC-ImageApps-indiankurtidesign/master/C1/TH/26.png,https://raw.githubusercontent.com/indpDB/UC-ImageApps-indiankurtidesign/master/C1/HD/26.png,https://raw.githubusercontent.com/indpDB/UC-ImageApps-indiankurtidesign/master/C2/TH/26.png,https://raw.githubusercontent.com/indpDB/UC-ImageApps-indiankurtidesign/master/C2/HD/26.png,https://raw.githubusercontent.com/indpDB/UC-ImageApps-indiankurtidesign/master/C3/TH/26.png,https://raw.githubusercontent.com/indpDB/UC-ImageApps-indiankurtidesign/master/C3/HD/26.png,https://raw.githubusercontent.com/indpDB/UC-ImageApps-indiankurtidesign/master/C4/TH/26.png,https://raw.githubusercontent.com/indpDB/UC-ImageApps-indiankurtidesign/master/C4/HD/26.png,https://raw.githubusercontent.com/indpDB/UC-ImageApps-indiankurtidesign/master/C5/TH/26.png,https://raw.githubusercontent.com/indpDB/UC-ImageApps-indiankurtidesign/master/C5/HD/26.png,https://raw.githubusercontent.com/indpDB/UC-ImageApps-indiankurtidesign/master/C6/TH/26.png,https://raw.githubusercontent.com/indpDB/UC-ImageApps-indiankurtidesign/master/C6/HD/26.png,https://raw.githubusercontent.com/indpDB/UC-ImageApps-indiankurtidesign/master/C7/TH/26.png,https://raw.githubusercontent.com/indpDB/UC-ImageApps-indiankurtidesign/master/C7/HD/26.png,https://raw.githubusercontent.com/indpDB/UC-ImageApps-indiankurtidesign/master/C8/TH/26.png,https://raw.githubusercontent.com/indpDB/UC-ImageApps-indiankurtidesign/master/C8/HD/26.png,https://raw.githubusercontent.com/indpDB/UC-ImageApps-indiankurtidesign/master/C9/TH/26.png,https://raw.githubusercontent.com/indpDB/UC-ImageApps-indiankurtidesign/master/C9/HD/26.png,https://raw.githubusercontent.com/indpDB/UC-ImageApps-indiankurtidesign/master/C10/TH/26.png,https://raw.githubusercontent.com/indpDB/UC-ImageApps-indiankurtidesign/master/C10/HD/26.png,,,,,,,,,,,,,,,,,,,,,,,,,,,,,,,,,,,,,,,,,,,,,,,,,,,,,,,,,,
,,,https://raw.githubusercontent.com/indpDB/UC-ImageApps-indiankurtidesign/master/C1/TH/27.png,https://raw.githubusercontent.com/indpDB/UC-ImageApps-indiankurtidesign/master/C1/HD/27.png,https://raw.githubusercontent.com/indpDB/UC-ImageApps-indiankurtidesign/master/C2/TH/27.png,https://raw.githubusercontent.com/indpDB/UC-ImageApps-indiankurtidesign/master/C2/HD/27.png,https://raw.githubusercontent.com/indpDB/UC-ImageApps-indiankurtidesign/master/C3/TH/27.png,https://raw.githubusercontent.com/indpDB/UC-ImageApps-indiankurtidesign/master/C3/HD/27.png,https://raw.githubusercontent.com/indpDB/UC-ImageApps-indiankurtidesign/master/C4/TH/27.png,https://raw.githubusercontent.com/indpDB/UC-ImageApps-indiankurtidesign/master/C4/HD/27.png,https://raw.githubusercontent.com/indpDB/UC-ImageApps-indiankurtidesign/master/C5/TH/27.png,https://raw.githubusercontent.com/indpDB/UC-ImageApps-indiankurtidesign/master/C5/HD/27.png,https://raw.githubusercontent.com/indpDB/UC-ImageApps-indiankurtidesign/master/C6/TH/27.png,https://raw.githubusercontent.com/indpDB/UC-ImageApps-indiankurtidesign/master/C6/HD/27.png,https://raw.githubusercontent.com/indpDB/UC-ImageApps-indiankurtidesign/master/C7/TH/27.png,https://raw.githubusercontent.com/indpDB/UC-ImageApps-indiankurtidesign/master/C7/HD/27.png,https://raw.githubusercontent.com/indpDB/UC-ImageApps-indiankurtidesign/master/C8/TH/27.png,https://raw.githubusercontent.com/indpDB/UC-ImageApps-indiankurtidesign/master/C8/HD/27.png,https://raw.githubusercontent.com/indpDB/UC-ImageApps-indiankurtidesign/master/C9/TH/27.png,https://raw.githubusercontent.com/indpDB/UC-ImageApps-indiankurtidesign/master/C9/HD/27.png,https://raw.githubusercontent.com/indpDB/UC-ImageApps-indiankurtidesign/master/C10/TH/27.png,https://raw.githubusercontent.com/indpDB/UC-ImageApps-indiankurtidesign/master/C10/HD/27.png,,,,,,,,,,,,,,,,,,,,,,,,,,,,,,,,,,,,,,,,,,,,,,,,,,,,,,,,,,
,,,https://raw.githubusercontent.com/indpDB/UC-ImageApps-indiankurtidesign/master/C1/TH/28.png,https://raw.githubusercontent.com/indpDB/UC-ImageApps-indiankurtidesign/master/C1/HD/28.png,https://raw.githubusercontent.com/indpDB/UC-ImageApps-indiankurtidesign/master/C2/TH/28.png,https://raw.githubusercontent.com/indpDB/UC-ImageApps-indiankurtidesign/master/C2/HD/28.png,https://raw.githubusercontent.com/indpDB/UC-ImageApps-indiankurtidesign/master/C3/TH/28.png,https://raw.githubusercontent.com/indpDB/UC-ImageApps-indiankurtidesign/master/C3/HD/28.png,https://raw.githubusercontent.com/indpDB/UC-ImageApps-indiankurtidesign/master/C4/TH/28.png,https://raw.githubusercontent.com/indpDB/UC-ImageApps-indiankurtidesign/master/C4/HD/28.png,https://raw.githubusercontent.com/indpDB/UC-ImageApps-indiankurtidesign/master/C5/TH/28.png,https://raw.githubusercontent.com/indpDB/UC-ImageApps-indiankurtidesign/master/C5/HD/28.png,https://raw.githubusercontent.com/indpDB/UC-ImageApps-indiankurtidesign/master/C6/TH/28.png,https://raw.githubusercontent.com/indpDB/UC-ImageApps-indiankurtidesign/master/C6/HD/28.png,https://raw.githubusercontent.com/indpDB/UC-ImageApps-indiankurtidesign/master/C7/TH/28.png,https://raw.githubusercontent.com/indpDB/UC-ImageApps-indiankurtidesign/master/C7/HD/28.png,https://raw.githubusercontent.com/indpDB/UC-ImageApps-indiankurtidesign/master/C8/TH/28.png,https://raw.githubusercontent.com/indpDB/UC-ImageApps-indiankurtidesign/master/C8/HD/28.png,https://raw.githubusercontent.com/indpDB/UC-ImageApps-indiankurtidesign/master/C9/TH/28.png,https://raw.githubusercontent.com/indpDB/UC-ImageApps-indiankurtidesign/master/C9/HD/28.png,https://raw.githubusercontent.com/indpDB/UC-ImageApps-indiankurtidesign/master/C10/TH/28.png,https://raw.githubusercontent.com/indpDB/UC-ImageApps-indiankurtidesign/master/C10/HD/28.png,,,,,,,,,,,,,,,,,,,,,,,,,,,,,,,,,,,,,,,,,,,,,,,,,,,,,,,,,,
,,,https://raw.githubusercontent.com/indpDB/UC-ImageApps-indiankurtidesign/master/C1/TH/29.png,https://raw.githubusercontent.com/indpDB/UC-ImageApps-indiankurtidesign/master/C1/HD/29.png,https://raw.githubusercontent.com/indpDB/UC-ImageApps-indiankurtidesign/master/C2/TH/29.png,https://raw.githubusercontent.com/indpDB/UC-ImageApps-indiankurtidesign/master/C2/HD/29.png,https://raw.githubusercontent.com/indpDB/UC-ImageApps-indiankurtidesign/master/C3/TH/29.png,https://raw.githubusercontent.com/indpDB/UC-ImageApps-indiankurtidesign/master/C3/HD/29.png,https://raw.githubusercontent.com/indpDB/UC-ImageApps-indiankurtidesign/master/C4/TH/29.png,https://raw.githubusercontent.com/indpDB/UC-ImageApps-indiankurtidesign/master/C4/HD/29.png,https://raw.githubusercontent.com/indpDB/UC-ImageApps-indiankurtidesign/master/C5/TH/29.png,https://raw.githubusercontent.com/indpDB/UC-ImageApps-indiankurtidesign/master/C5/HD/29.png,https://raw.githubusercontent.com/indpDB/UC-ImageApps-indiankurtidesign/master/C6/TH/29.png,https://raw.githubusercontent.com/indpDB/UC-ImageApps-indiankurtidesign/master/C6/HD/29.png,https://raw.githubusercontent.com/indpDB/UC-ImageApps-indiankurtidesign/master/C7/TH/29.png,https://raw.githubusercontent.com/indpDB/UC-ImageApps-indiankurtidesign/master/C7/HD/29.png,https://raw.githubusercontent.com/indpDB/UC-ImageApps-indiankurtidesign/master/C8/TH/29.png,https://raw.githubusercontent.com/indpDB/UC-ImageApps-indiankurtidesign/master/C8/HD/29.png,https://raw.githubusercontent.com/indpDB/UC-ImageApps-indiankurtidesign/master/C9/TH/29.png,https://raw.githubusercontent.com/indpDB/UC-ImageApps-indiankurtidesign/master/C9/HD/29.png,https://raw.githubusercontent.com/indpDB/UC-ImageApps-indiankurtidesign/master/C10/TH/29.png,https://raw.githubusercontent.com/indpDB/UC-ImageApps-indiankurtidesign/master/C10/HD/29.png,,,,,,,,,,,,,,,,,,,,,,,,,,,,,,,,,,,,,,,,,,,,,,,,,,,,,,,,,,
,,,https://raw.githubusercontent.com/indpDB/UC-ImageApps-indiankurtidesign/master/C1/TH/30.png,https://raw.githubusercontent.com/indpDB/UC-ImageApps-indiankurtidesign/master/C1/HD/30.png,https://raw.githubusercontent.com/indpDB/UC-ImageApps-indiankurtidesign/master/C2/TH/30.png,https://raw.githubusercontent.com/indpDB/UC-ImageApps-indiankurtidesign/master/C2/HD/30.png,https://raw.githubusercontent.com/indpDB/UC-ImageApps-indiankurtidesign/master/C3/TH/30.png,https://raw.githubusercontent.com/indpDB/UC-ImageApps-indiankurtidesign/master/C3/HD/30.png,https://raw.githubusercontent.com/indpDB/UC-ImageApps-indiankurtidesign/master/C4/TH/30.png,https://raw.githubusercontent.com/indpDB/UC-ImageApps-indiankurtidesign/master/C4/HD/30.png,https://raw.githubusercontent.com/indpDB/UC-ImageApps-indiankurtidesign/master/C5/TH/30.png,https://raw.githubusercontent.com/indpDB/UC-ImageApps-indiankurtidesign/master/C5/HD/30.png,https://raw.githubusercontent.com/indpDB/UC-ImageApps-indiankurtidesign/master/C6/TH/30.png,https://raw.githubusercontent.com/indpDB/UC-ImageApps-indiankurtidesign/master/C6/HD/30.png,https://raw.githubusercontent.com/indpDB/UC-ImageApps-indiankurtidesign/master/C7/TH/30.png,https://raw.githubusercontent.com/indpDB/UC-ImageApps-indiankurtidesign/master/C7/HD/30.png,https://raw.githubusercontent.com/indpDB/UC-ImageApps-indiankurtidesign/master/C8/TH/30.png,https://raw.githubusercontent.com/indpDB/UC-ImageApps-indiankurtidesign/master/C8/HD/30.png,https://raw.githubusercontent.com/indpDB/UC-ImageApps-indiankurtidesign/master/C9/TH/30.png,https://raw.githubusercontent.com/indpDB/UC-ImageApps-indiankurtidesign/master/C9/HD/30.png,https://raw.githubusercontent.com/indpDB/UC-ImageApps-indiankurtidesign/master/C10/TH/30.png,https://raw.githubusercontent.com/indpDB/UC-ImageApps-indiankurtidesign/master/C10/HD/30.png,,,,,,,,,,,,,,,,,,,,,,,,,,,,,,,,,,,,,,,,,,,,,,,,,,,,,,,,,,
,,,https://raw.githubusercontent.com/indpDB/UC-ImageApps-indiankurtidesign/master/C1/TH/31.png,https://raw.githubusercontent.com/indpDB/UC-ImageApps-indiankurtidesign/master/C1/HD/31.png,https://raw.githubusercontent.com/indpDB/UC-ImageApps-indiankurtidesign/master/C2/TH/31.png,https://raw.githubusercontent.com/indpDB/UC-ImageApps-indiankurtidesign/master/C2/HD/31.png,https://raw.githubusercontent.com/indpDB/UC-ImageApps-indiankurtidesign/master/C3/TH/31.png,https://raw.githubusercontent.com/indpDB/UC-ImageApps-indiankurtidesign/master/C3/HD/31.png,https://raw.githubusercontent.com/indpDB/UC-ImageApps-indiankurtidesign/master/C4/TH/31.png,https://raw.githubusercontent.com/indpDB/UC-ImageApps-indiankurtidesign/master/C4/HD/31.png,https://raw.githubusercontent.com/indpDB/UC-ImageApps-indiankurtidesign/master/C5/TH/31.png,https://raw.githubusercontent.com/indpDB/UC-ImageApps-indiankurtidesign/master/C5/HD/31.png,https://raw.githubusercontent.com/indpDB/UC-ImageApps-indiankurtidesign/master/C6/TH/31.png,https://raw.githubusercontent.com/indpDB/UC-ImageApps-indiankurtidesign/master/C6/HD/31.png,https://raw.githubusercontent.com/indpDB/UC-ImageApps-indiankurtidesign/master/C7/TH/31.png,https://raw.githubusercontent.com/indpDB/UC-ImageApps-indiankurtidesign/master/C7/HD/31.png,https://raw.githubusercontent.com/indpDB/UC-ImageApps-indiankurtidesign/master/C8/TH/31.png,https://raw.githubusercontent.com/indpDB/UC-ImageApps-indiankurtidesign/master/C8/HD/31.png,https://raw.githubusercontent.com/indpDB/UC-ImageApps-indiankurtidesign/master/C9/TH/31.png,https://raw.githubusercontent.com/indpDB/UC-ImageApps-indiankurtidesign/master/C9/HD/31.png,https://raw.githubusercontent.com/indpDB/UC-ImageApps-indiankurtidesign/master/C10/TH/31.png,https://raw.githubusercontent.com/indpDB/UC-ImageApps-indiankurtidesign/master/C10/HD/31.png,,,,,,,,,,,,,,,,,,,,,,,,,,,,,,,,,,,,,,,,,,,,,,,,,,,,,,,,,,
,,,https://raw.githubusercontent.com/indpDB/UC-ImageApps-indiankurtidesign/master/C1/TH/32.png,https://raw.githubusercontent.com/indpDB/UC-ImageApps-indiankurtidesign/master/C1/HD/32.png,https://raw.githubusercontent.com/indpDB/UC-ImageApps-indiankurtidesign/master/C2/TH/32.png,https://raw.githubusercontent.com/indpDB/UC-ImageApps-indiankurtidesign/master/C2/HD/32.png,https://raw.githubusercontent.com/indpDB/UC-ImageApps-indiankurtidesign/master/C3/TH/32.png,https://raw.githubusercontent.com/indpDB/UC-ImageApps-indiankurtidesign/master/C3/HD/32.png,https://raw.githubusercontent.com/indpDB/UC-ImageApps-indiankurtidesign/master/C4/TH/32.png,https://raw.githubusercontent.com/indpDB/UC-ImageApps-indiankurtidesign/master/C4/HD/32.png,https://raw.githubusercontent.com/indpDB/UC-ImageApps-indiankurtidesign/master/C5/TH/32.png,https://raw.githubusercontent.com/indpDB/UC-ImageApps-indiankurtidesign/master/C5/HD/32.png,https://raw.githubusercontent.com/indpDB/UC-ImageApps-indiankurtidesign/master/C6/TH/32.png,https://raw.githubusercontent.com/indpDB/UC-ImageApps-indiankurtidesign/master/C6/HD/32.png,https://raw.githubusercontent.com/indpDB/UC-ImageApps-indiankurtidesign/master/C7/TH/32.png,https://raw.githubusercontent.com/indpDB/UC-ImageApps-indiankurtidesign/master/C7/HD/32.png,https://raw.githubusercontent.com/indpDB/UC-ImageApps-indiankurtidesign/master/C8/TH/32.png,https://raw.githubusercontent.com/indpDB/UC-ImageApps-indiankurtidesign/master/C8/HD/32.png,https://raw.githubusercontent.com/indpDB/UC-ImageApps-indiankurtidesign/master/C9/TH/32.png,https://raw.githubusercontent.com/indpDB/UC-ImageApps-indiankurtidesign/master/C9/HD/32.png,https://raw.githubusercontent.com/indpDB/UC-ImageApps-indiankurtidesign/master/C10/TH/32.png,https://raw.githubusercontent.com/indpDB/UC-ImageApps-indiankurtidesign/master/C10/HD/32.png,,,,,,,,,,,,,,,,,,,,,,,,,,,,,,,,,,,,,,,,,,,,,,,,,,,,,,,,,,
,,,https://raw.githubusercontent.com/indpDB/UC-ImageApps-indiankurtidesign/master/C1/TH/33.png,https://raw.githubusercontent.com/indpDB/UC-ImageApps-indiankurtidesign/master/C1/HD/33.png,https://raw.githubusercontent.com/indpDB/UC-ImageApps-indiankurtidesign/master/C2/TH/33.png,https://raw.githubusercontent.com/indpDB/UC-ImageApps-indiankurtidesign/master/C2/HD/33.png,https://raw.githubusercontent.com/indpDB/UC-ImageApps-indiankurtidesign/master/C3/TH/33.png,https://raw.githubusercontent.com/indpDB/UC-ImageApps-indiankurtidesign/master/C3/HD/33.png,https://raw.githubusercontent.com/indpDB/UC-ImageApps-indiankurtidesign/master/C4/TH/33.png,https://raw.githubusercontent.com/indpDB/UC-ImageApps-indiankurtidesign/master/C4/HD/33.png,https://raw.githubusercontent.com/indpDB/UC-ImageApps-indiankurtidesign/master/C5/TH/33.png,https://raw.githubusercontent.com/indpDB/UC-ImageApps-indiankurtidesign/master/C5/HD/33.png,https://raw.githubusercontent.com/indpDB/UC-ImageApps-indiankurtidesign/master/C6/TH/33.png,https://raw.githubusercontent.com/indpDB/UC-ImageApps-indiankurtidesign/master/C6/HD/33.png,https://raw.githubusercontent.com/indpDB/UC-ImageApps-indiankurtidesign/master/C7/TH/33.png,https://raw.githubusercontent.com/indpDB/UC-ImageApps-indiankurtidesign/master/C7/HD/33.png,https://raw.githubusercontent.com/indpDB/UC-ImageApps-indiankurtidesign/master/C8/TH/33.png,https://raw.githubusercontent.com/indpDB/UC-ImageApps-indiankurtidesign/master/C8/HD/33.png,https://raw.githubusercontent.com/indpDB/UC-ImageApps-indiankurtidesign/master/C9/TH/33.png,https://raw.githubusercontent.com/indpDB/UC-ImageApps-indiankurtidesign/master/C9/HD/33.png,https://raw.githubusercontent.com/indpDB/UC-ImageApps-indiankurtidesign/master/C10/TH/33.png,https://raw.githubusercontent.com/indpDB/UC-ImageApps-indiankurtidesign/master/C10/HD/33.png,,,,,,,,,,,,,,,,,,,,,,,,,,,,,,,,,,,,,,,,,,,,,,,,,,,,,,,,,,
,,,https://raw.githubusercontent.com/indpDB/UC-ImageApps-indiankurtidesign/master/C1/TH/34.png,https://raw.githubusercontent.com/indpDB/UC-ImageApps-indiankurtidesign/master/C1/HD/34.png,https://raw.githubusercontent.com/indpDB/UC-ImageApps-indiankurtidesign/master/C2/TH/34.png,https://raw.githubusercontent.com/indpDB/UC-ImageApps-indiankurtidesign/master/C2/HD/34.png,https://raw.githubusercontent.com/indpDB/UC-ImageApps-indiankurtidesign/master/C3/TH/34.png,https://raw.githubusercontent.com/indpDB/UC-ImageApps-indiankurtidesign/master/C3/HD/34.png,https://raw.githubusercontent.com/indpDB/UC-ImageApps-indiankurtidesign/master/C4/TH/34.png,https://raw.githubusercontent.com/indpDB/UC-ImageApps-indiankurtidesign/master/C4/HD/34.png,https://raw.githubusercontent.com/indpDB/UC-ImageApps-indiankurtidesign/master/C5/TH/34.png,https://raw.githubusercontent.com/indpDB/UC-ImageApps-indiankurtidesign/master/C5/HD/34.png,https://raw.githubusercontent.com/indpDB/UC-ImageApps-indiankurtidesign/master/C6/TH/34.png,https://raw.githubusercontent.com/indpDB/UC-ImageApps-indiankurtidesign/master/C6/HD/34.png,https://raw.githubusercontent.com/indpDB/UC-ImageApps-indiankurtidesign/master/C7/TH/34.png,https://raw.githubusercontent.com/indpDB/UC-ImageApps-indiankurtidesign/master/C7/HD/34.png,https://raw.githubusercontent.com/indpDB/UC-ImageApps-indiankurtidesign/master/C8/TH/34.png,https://raw.githubusercontent.com/indpDB/UC-ImageApps-indiankurtidesign/master/C8/HD/34.png,https://raw.githubusercontent.com/indpDB/UC-ImageApps-indiankurtidesign/master/C9/TH/34.png,https://raw.githubusercontent.com/indpDB/UC-ImageApps-indiankurtidesign/master/C9/HD/34.png,https://raw.githubusercontent.com/indpDB/UC-ImageApps-indiankurtidesign/master/C10/TH/34.png,https://raw.githubusercontent.com/indpDB/UC-ImageApps-indiankurtidesign/master/C10/HD/34.png,,,,,,,,,,,,,,,,,,,,,,,,,,,,,,,,,,,,,,,,,,,,,,,,,,,,,,,,,,
,,,https://raw.githubusercontent.com/indpDB/UC-ImageApps-indiankurtidesign/master/C1/TH/35.png,https://raw.githubusercontent.com/indpDB/UC-ImageApps-indiankurtidesign/master/C1/HD/35.png,https://raw.githubusercontent.com/indpDB/UC-ImageApps-indiankurtidesign/master/C2/TH/35.png,https://raw.githubusercontent.com/indpDB/UC-ImageApps-indiankurtidesign/master/C2/HD/35.png,https://raw.githubusercontent.com/indpDB/UC-ImageApps-indiankurtidesign/master/C3/TH/35.png,https://raw.githubusercontent.com/indpDB/UC-ImageApps-indiankurtidesign/master/C3/HD/35.png,https://raw.githubusercontent.com/indpDB/UC-ImageApps-indiankurtidesign/master/C4/TH/35.png,https://raw.githubusercontent.com/indpDB/UC-ImageApps-indiankurtidesign/master/C4/HD/35.png,https://raw.githubusercontent.com/indpDB/UC-ImageApps-indiankurtidesign/master/C5/TH/35.png,https://raw.githubusercontent.com/indpDB/UC-ImageApps-indiankurtidesign/master/C5/HD/35.png,https://raw.githubusercontent.com/indpDB/UC-ImageApps-indiankurtidesign/master/C6/TH/35.png,https://raw.githubusercontent.com/indpDB/UC-ImageApps-indiankurtidesign/master/C6/HD/35.png,https://raw.githubusercontent.com/indpDB/UC-ImageApps-indiankurtidesign/master/C7/TH/35.png,https://raw.githubusercontent.com/indpDB/UC-ImageApps-indiankurtidesign/master/C7/HD/35.png,https://raw.githubusercontent.com/indpDB/UC-ImageApps-indiankurtidesign/master/C8/TH/35.png,https://raw.githubusercontent.com/indpDB/UC-ImageApps-indiankurtidesign/master/C8/HD/35.png,https://raw.githubusercontent.com/indpDB/UC-ImageApps-indiankurtidesign/master/C9/TH/35.png,https://raw.githubusercontent.com/indpDB/UC-ImageApps-indiankurtidesign/master/C9/HD/35.png,https://raw.githubusercontent.com/indpDB/UC-ImageApps-indiankurtidesign/master/C10/TH/35.png,https://raw.githubusercontent.com/indpDB/UC-ImageApps-indiankurtidesign/master/C10/HD/35.png,,,,,,,,,,,,,,,,,,,,,,,,,,,,,,,,,,,,,,,,,,,,,,,,,,,,,,,,,,
,,,https://raw.githubusercontent.com/indpDB/UC-ImageApps-indiankurtidesign/master/C1/TH/36.png,https://raw.githubusercontent.com/indpDB/UC-ImageApps-indiankurtidesign/master/C1/HD/36.png,https://raw.githubusercontent.com/indpDB/UC-ImageApps-indiankurtidesign/master/C2/TH/36.png,https://raw.githubusercontent.com/indpDB/UC-ImageApps-indiankurtidesign/master/C2/HD/36.png,https://raw.githubusercontent.com/indpDB/UC-ImageApps-indiankurtidesign/master/C3/TH/36.png,https://raw.githubusercontent.com/indpDB/UC-ImageApps-indiankurtidesign/master/C3/HD/36.png,https://raw.githubusercontent.com/indpDB/UC-ImageApps-indiankurtidesign/master/C4/TH/36.png,https://raw.githubusercontent.com/indpDB/UC-ImageApps-indiankurtidesign/master/C4/HD/36.png,https://raw.githubusercontent.com/indpDB/UC-ImageApps-indiankurtidesign/master/C5/TH/36.png,https://raw.githubusercontent.com/indpDB/UC-ImageApps-indiankurtidesign/master/C5/HD/36.png,https://raw.githubusercontent.com/indpDB/UC-ImageApps-indiankurtidesign/master/C6/TH/36.png,https://raw.githubusercontent.com/indpDB/UC-ImageApps-indiankurtidesign/master/C6/HD/36.png,https://raw.githubusercontent.com/indpDB/UC-ImageApps-indiankurtidesign/master/C7/TH/36.png,https://raw.githubusercontent.com/indpDB/UC-ImageApps-indiankurtidesign/master/C7/HD/36.png,https://raw.githubusercontent.com/indpDB/UC-ImageApps-indiankurtidesign/master/C8/TH/36.png,https://raw.githubusercontent.com/indpDB/UC-ImageApps-indiankurtidesign/master/C8/HD/36.png,https://raw.githubusercontent.com/indpDB/UC-ImageApps-indiankurtidesign/master/C9/TH/36.png,https://raw.githubusercontent.com/indpDB/UC-ImageApps-indiankurtidesign/master/C9/HD/36.png,https://raw.githubusercontent.com/indpDB/UC-ImageApps-indiankurtidesign/master/C10/TH/36.png,https://raw.githubusercontent.com/indpDB/UC-ImageApps-indiankurtidesign/master/C10/HD/36.png,,,,,,,,,,,,,,,,,,,,,,,,,,,,,,,,,,,,,,,,,,,,,,,,,,,,,,,,,,
,,,https://raw.githubusercontent.com/indpDB/UC-ImageApps-indiankurtidesign/master/C1/TH/37.png,https://raw.githubusercontent.com/indpDB/UC-ImageApps-indiankurtidesign/master/C1/HD/37.png,https://raw.githubusercontent.com/indpDB/UC-ImageApps-indiankurtidesign/master/C2/TH/37.png,https://raw.githubusercontent.com/indpDB/UC-ImageApps-indiankurtidesign/master/C2/HD/37.png,https://raw.githubusercontent.com/indpDB/UC-ImageApps-indiankurtidesign/master/C3/TH/37.png,https://raw.githubusercontent.com/indpDB/UC-ImageApps-indiankurtidesign/master/C3/HD/37.png,https://raw.githubusercontent.com/indpDB/UC-ImageApps-indiankurtidesign/master/C4/TH/37.png,https://raw.githubusercontent.com/indpDB/UC-ImageApps-indiankurtidesign/master/C4/HD/37.png,https://raw.githubusercontent.com/indpDB/UC-ImageApps-indiankurtidesign/master/C5/TH/37.png,https://raw.githubusercontent.com/indpDB/UC-ImageApps-indiankurtidesign/master/C5/HD/37.png,https://raw.githubusercontent.com/indpDB/UC-ImageApps-indiankurtidesign/master/C6/TH/37.png,https://raw.githubusercontent.com/indpDB/UC-ImageApps-indiankurtidesign/master/C6/HD/37.png,https://raw.githubusercontent.com/indpDB/UC-ImageApps-indiankurtidesign/master/C7/TH/37.png,https://raw.githubusercontent.com/indpDB/UC-ImageApps-indiankurtidesign/master/C7/HD/37.png,https://raw.githubusercontent.com/indpDB/UC-ImageApps-indiankurtidesign/master/C8/TH/37.png,https://raw.githubusercontent.com/indpDB/UC-ImageApps-indiankurtidesign/master/C8/HD/37.png,https://raw.githubusercontent.com/indpDB/UC-ImageApps-indiankurtidesign/master/C9/TH/37.png,https://raw.githubusercontent.com/indpDB/UC-ImageApps-indiankurtidesign/master/C9/HD/37.png,https://raw.githubusercontent.com/indpDB/UC-ImageApps-indiankurtidesign/master/C10/TH/37.png,https://raw.githubusercontent.com/indpDB/UC-ImageApps-indiankurtidesign/master/C10/HD/37.png,,,,,,,,,,,,,,,,,,,,,,,,,,,,,,,,,,,,,,,,,,,,,,,,,,,,,,,,,,
,,,https://raw.githubusercontent.com/indpDB/UC-ImageApps-indiankurtidesign/master/C1/TH/38.png,https://raw.githubusercontent.com/indpDB/UC-ImageApps-indiankurtidesign/master/C1/HD/38.png,https://raw.githubusercontent.com/indpDB/UC-ImageApps-indiankurtidesign/master/C2/TH/38.png,https://raw.githubusercontent.com/indpDB/UC-ImageApps-indiankurtidesign/master/C2/HD/38.png,https://raw.githubusercontent.com/indpDB/UC-ImageApps-indiankurtidesign/master/C3/TH/38.png,https://raw.githubusercontent.com/indpDB/UC-ImageApps-indiankurtidesign/master/C3/HD/38.png,https://raw.githubusercontent.com/indpDB/UC-ImageApps-indiankurtidesign/master/C4/TH/38.png,https://raw.githubusercontent.com/indpDB/UC-ImageApps-indiankurtidesign/master/C4/HD/38.png,https://raw.githubusercontent.com/indpDB/UC-ImageApps-indiankurtidesign/master/C5/TH/38.png,https://raw.githubusercontent.com/indpDB/UC-ImageApps-indiankurtidesign/master/C5/HD/38.png,https://raw.githubusercontent.com/indpDB/UC-ImageApps-indiankurtidesign/master/C6/TH/38.png,https://raw.githubusercontent.com/indpDB/UC-ImageApps-indiankurtidesign/master/C6/HD/38.png,https://raw.githubusercontent.com/indpDB/UC-ImageApps-indiankurtidesign/master/C7/TH/38.png,https://raw.githubusercontent.com/indpDB/UC-ImageApps-indiankurtidesign/master/C7/HD/38.png,https://raw.githubusercontent.com/indpDB/UC-ImageApps-indiankurtidesign/master/C8/TH/38.png,https://raw.githubusercontent.com/indpDB/UC-ImageApps-indiankurtidesign/master/C8/HD/38.png,https://raw.githubusercontent.com/indpDB/UC-ImageApps-indiankurtidesign/master/C9/TH/38.png,https://raw.githubusercontent.com/indpDB/UC-ImageApps-indiankurtidesign/master/C9/HD/38.png,https://raw.githubusercontent.com/indpDB/UC-ImageApps-indiankurtidesign/master/C10/TH/38.png,https://raw.githubusercontent.com/indpDB/UC-ImageApps-indiankurtidesign/master/C10/HD/38.png,,,,,,,,,,,,,,,,,,,,,,,,,,,,,,,,,,,,,,,,,,,,,,,,,,,,,,,,,,
,,,https://raw.githubusercontent.com/indpDB/UC-ImageApps-indiankurtidesign/master/C1/TH/39.png,https://raw.githubusercontent.com/indpDB/UC-ImageApps-indiankurtidesign/master/C1/HD/39.png,https://raw.githubusercontent.com/indpDB/UC-ImageApps-indiankurtidesign/master/C2/TH/39.png,https://raw.githubusercontent.com/indpDB/UC-ImageApps-indiankurtidesign/master/C2/HD/39.png,https://raw.githubusercontent.com/indpDB/UC-ImageApps-indiankurtidesign/master/C3/TH/39.png,https://raw.githubusercontent.com/indpDB/UC-ImageApps-indiankurtidesign/master/C3/HD/39.png,https://raw.githubusercontent.com/indpDB/UC-ImageApps-indiankurtidesign/master/C4/TH/39.png,https://raw.githubusercontent.com/indpDB/UC-ImageApps-indiankurtidesign/master/C4/HD/39.png,https://raw.githubusercontent.com/indpDB/UC-ImageApps-indiankurtidesign/master/C5/TH/39.png,https://raw.githubusercontent.com/indpDB/UC-ImageApps-indiankurtidesign/master/C5/HD/39.png,https://raw.githubusercontent.com/indpDB/UC-ImageApps-indiankurtidesign/master/C6/TH/39.png,https://raw.githubusercontent.com/indpDB/UC-ImageApps-indiankurtidesign/master/C6/HD/39.png,https://raw.githubusercontent.com/indpDB/UC-ImageApps-indiankurtidesign/master/C7/TH/39.png,https://raw.githubusercontent.com/indpDB/UC-ImageApps-indiankurtidesign/master/C7/HD/39.png,https://raw.githubusercontent.com/indpDB/UC-ImageApps-indiankurtidesign/master/C8/TH/39.png,https://raw.githubusercontent.com/indpDB/UC-ImageApps-indiankurtidesign/master/C8/HD/39.png,https://raw.githubusercontent.com/indpDB/UC-ImageApps-indiankurtidesign/master/C9/TH/39.png,https://raw.githubusercontent.com/indpDB/UC-ImageApps-indiankurtidesign/master/C9/HD/39.png,https://raw.githubusercontent.com/indpDB/UC-ImageApps-indiankurtidesign/master/C10/TH/39.png,https://raw.githubusercontent.com/indpDB/UC-ImageApps-indiankurtidesign/master/C10/HD/39.png,,,,,,,,,,,,,,,,,,,,,,,,,,,,,,,,,,,,,,,,,,,,,,,,,,,,,,,,,,
,,,https://raw.githubusercontent.com/indpDB/UC-ImageApps-indiankurtidesign/master/C1/TH/40.png,https://raw.githubusercontent.com/indpDB/UC-ImageApps-indiankurtidesign/master/C1/HD/40.png,https://raw.githubusercontent.com/indpDB/UC-ImageApps-indiankurtidesign/master/C2/TH/40.png,https://raw.githubusercontent.com/indpDB/UC-ImageApps-indiankurtidesign/master/C2/HD/40.png,https://raw.githubusercontent.com/indpDB/UC-ImageApps-indiankurtidesign/master/C3/TH/40.png,https://raw.githubusercontent.com/indpDB/UC-ImageApps-indiankurtidesign/master/C3/HD/40.png,https://raw.githubusercontent.com/indpDB/UC-ImageApps-indiankurtidesign/master/C4/TH/40.png,https://raw.githubusercontent.com/indpDB/UC-ImageApps-indiankurtidesign/master/C4/HD/40.png,https://raw.githubusercontent.com/indpDB/UC-ImageApps-indiankurtidesign/master/C5/TH/40.png,https://raw.githubusercontent.com/indpDB/UC-ImageApps-indiankurtidesign/master/C5/HD/40.png,https://raw.githubusercontent.com/indpDB/UC-ImageApps-indiankurtidesign/master/C6/TH/40.png,https://raw.githubusercontent.com/indpDB/UC-ImageApps-indiankurtidesign/master/C6/HD/40.png,https://raw.githubusercontent.com/indpDB/UC-ImageApps-indiankurtidesign/master/C7/TH/40.png,https://raw.githubusercontent.com/indpDB/UC-ImageApps-indiankurtidesign/master/C7/HD/40.png,https://raw.githubusercontent.com/indpDB/UC-ImageApps-indiankurtidesign/master/C8/TH/40.png,https://raw.githubusercontent.com/indpDB/UC-ImageApps-indiankurtidesign/master/C8/HD/40.png,https://raw.githubusercontent.com/indpDB/UC-ImageApps-indiankurtidesign/master/C9/TH/40.png,https://raw.githubusercontent.com/indpDB/UC-ImageApps-indiankurtidesign/master/C9/HD/40.png,https://raw.githubusercontent.com/indpDB/UC-ImageApps-indiankurtidesign/master/C10/TH/40.png,https://raw.githubusercontent.com/indpDB/UC-ImageApps-indiankurtidesign/master/C10/HD/40.png,,,,,,,,,,,,,,,,,,,,,,,,,,,,,,,,,,,,,,,,,,,,,,,,,,,,,,,,,,
,,,https://raw.githubusercontent.com/indpDB/UC-ImageApps-indiankurtidesign/master/C1/TH/41.png,https://raw.githubusercontent.com/indpDB/UC-ImageApps-indiankurtidesign/master/C1/HD/41.png,https://raw.githubusercontent.com/indpDB/UC-ImageApps-indiankurtidesign/master/C2/TH/41.png,https://raw.githubusercontent.com/indpDB/UC-ImageApps-indiankurtidesign/master/C2/HD/41.png,https://raw.githubusercontent.com/indpDB/UC-ImageApps-indiankurtidesign/master/C3/TH/41.png,https://raw.githubusercontent.com/indpDB/UC-ImageApps-indiankurtidesign/master/C3/HD/41.png,https://raw.githubusercontent.com/indpDB/UC-ImageApps-indiankurtidesign/master/C4/TH/41.png,https://raw.githubusercontent.com/indpDB/UC-ImageApps-indiankurtidesign/master/C4/HD/41.png,https://raw.githubusercontent.com/indpDB/UC-ImageApps-indiankurtidesign/master/C5/TH/41.png,https://raw.githubusercontent.com/indpDB/UC-ImageApps-indiankurtidesign/master/C5/HD/41.png,https://raw.githubusercontent.com/indpDB/UC-ImageApps-indiankurtidesign/master/C6/TH/41.png,https://raw.githubusercontent.com/indpDB/UC-ImageApps-indiankurtidesign/master/C6/HD/41.png,https://raw.githubusercontent.com/indpDB/UC-ImageApps-indiankurtidesign/master/C7/TH/41.png,https://raw.githubusercontent.com/indpDB/UC-ImageApps-indiankurtidesign/master/C7/HD/41.png,https://raw.githubusercontent.com/indpDB/UC-ImageApps-indiankurtidesign/master/C8/TH/41.png,https://raw.githubusercontent.com/indpDB/UC-ImageApps-indiankurtidesign/master/C8/HD/41.png,https://raw.githubusercontent.com/indpDB/UC-ImageApps-indiankurtidesign/master/C9/TH/41.png,https://raw.githubusercontent.com/indpDB/UC-ImageApps-indiankurtidesign/master/C9/HD/41.png,https://raw.githubusercontent.com/indpDB/UC-ImageApps-indiankurtidesign/master/C10/TH/41.png,https://raw.githubusercontent.com/indpDB/UC-ImageApps-indiankurtidesign/master/C10/HD/41.png,,,,,,,,,,,,,,,,,,,,,,,,,,,,,,,,,,,,,,,,,,,,,,,,,,,,,,,,,,
,,,https://raw.githubusercontent.com/indpDB/UC-ImageApps-indiankurtidesign/master/C1/TH/42.png,https://raw.githubusercontent.com/indpDB/UC-ImageApps-indiankurtidesign/master/C1/HD/42.png,https://raw.githubusercontent.com/indpDB/UC-ImageApps-indiankurtidesign/master/C2/TH/42.png,https://raw.githubusercontent.com/indpDB/UC-ImageApps-indiankurtidesign/master/C2/HD/42.png,https://raw.githubusercontent.com/indpDB/UC-ImageApps-indiankurtidesign/master/C3/TH/42.png,https://raw.githubusercontent.com/indpDB/UC-ImageApps-indiankurtidesign/master/C3/HD/42.png,https://raw.githubusercontent.com/indpDB/UC-ImageApps-indiankurtidesign/master/C4/TH/42.png,https://raw.githubusercontent.com/indpDB/UC-ImageApps-indiankurtidesign/master/C4/HD/42.png,https://raw.githubusercontent.com/indpDB/UC-ImageApps-indiankurtidesign/master/C5/TH/42.png,https://raw.githubusercontent.com/indpDB/UC-ImageApps-indiankurtidesign/master/C5/HD/42.png,https://raw.githubusercontent.com/indpDB/UC-ImageApps-indiankurtidesign/master/C6/TH/42.png,https://raw.githubusercontent.com/indpDB/UC-ImageApps-indiankurtidesign/master/C6/HD/42.png,https://raw.githubusercontent.com/indpDB/UC-ImageApps-indiankurtidesign/master/C7/TH/42.png,https://raw.githubusercontent.com/indpDB/UC-ImageApps-indiankurtidesign/master/C7/HD/42.png,https://raw.githubusercontent.com/indpDB/UC-ImageApps-indiankurtidesign/master/C8/TH/42.png,https://raw.githubusercontent.com/indpDB/UC-ImageApps-indiankurtidesign/master/C8/HD/42.png,https://raw.githubusercontent.com/indpDB/UC-ImageApps-indiankurtidesign/master/C9/TH/42.png,https://raw.githubusercontent.com/indpDB/UC-ImageApps-indiankurtidesign/master/C9/HD/42.png,https://raw.githubusercontent.com/indpDB/UC-ImageApps-indiankurtidesign/master/C10/TH/42.png,https://raw.githubusercontent.com/indpDB/UC-ImageApps-indiankurtidesign/master/C10/HD/42.png,,,,,,,,,,,,,,,,,,,,,,,,,,,,,,,,,,,,,,,,,,,,,,,,,,,,,,,,,,
,,,https://raw.githubusercontent.com/indpDB/UC-ImageApps-indiankurtidesign/master/C1/TH/43.png,https://raw.githubusercontent.com/indpDB/UC-ImageApps-indiankurtidesign/master/C1/HD/43.png,https://raw.githubusercontent.com/indpDB/UC-ImageApps-indiankurtidesign/master/C2/TH/43.png,https://raw.githubusercontent.com/indpDB/UC-ImageApps-indiankurtidesign/master/C2/HD/43.png,https://raw.githubusercontent.com/indpDB/UC-ImageApps-indiankurtidesign/master/C3/TH/43.png,https://raw.githubusercontent.com/indpDB/UC-ImageApps-indiankurtidesign/master/C3/HD/43.png,https://raw.githubusercontent.com/indpDB/UC-ImageApps-indiankurtidesign/master/C4/TH/43.png,https://raw.githubusercontent.com/indpDB/UC-ImageApps-indiankurtidesign/master/C4/HD/43.png,https://raw.githubusercontent.com/indpDB/UC-ImageApps-indiankurtidesign/master/C5/TH/43.png,https://raw.githubusercontent.com/indpDB/UC-ImageApps-indiankurtidesign/master/C5/HD/43.png,https://raw.githubusercontent.com/indpDB/UC-ImageApps-indiankurtidesign/master/C6/TH/43.png,https://raw.githubusercontent.com/indpDB/UC-ImageApps-indiankurtidesign/master/C6/HD/43.png,https://raw.githubusercontent.com/indpDB/UC-ImageApps-indiankurtidesign/master/C7/TH/43.png,https://raw.githubusercontent.com/indpDB/UC-ImageApps-indiankurtidesign/master/C7/HD/43.png,https://raw.githubusercontent.com/indpDB/UC-ImageApps-indiankurtidesign/master/C8/TH/43.png,https://raw.githubusercontent.com/indpDB/UC-ImageApps-indiankurtidesign/master/C8/HD/43.png,https://raw.githubusercontent.com/indpDB/UC-ImageApps-indiankurtidesign/master/C9/TH/43.png,https://raw.githubusercontent.com/indpDB/UC-ImageApps-indiankurtidesign/master/C9/HD/43.png,https://raw.githubusercontent.com/indpDB/UC-ImageApps-indiankurtidesign/master/C10/TH/43.png,https://raw.githubusercontent.com/indpDB/UC-ImageApps-indiankurtidesign/master/C10/HD/43.png,,,,,,,,,,,,,,,,,,,,,,,,,,,,,,,,,,,,,,,,,,,,,,,,,,,,,,,,,,
,,,https://raw.githubusercontent.com/indpDB/UC-ImageApps-indiankurtidesign/master/C1/TH/44.png,https://raw.githubusercontent.com/indpDB/UC-ImageApps-indiankurtidesign/master/C1/HD/44.png,https://raw.githubusercontent.com/indpDB/UC-ImageApps-indiankurtidesign/master/C2/TH/44.png,https://raw.githubusercontent.com/indpDB/UC-ImageApps-indiankurtidesign/master/C2/HD/44.png,https://raw.githubusercontent.com/indpDB/UC-ImageApps-indiankurtidesign/master/C3/TH/44.png,https://raw.githubusercontent.com/indpDB/UC-ImageApps-indiankurtidesign/master/C3/HD/44.png,https://raw.githubusercontent.com/indpDB/UC-ImageApps-indiankurtidesign/master/C4/TH/44.png,https://raw.githubusercontent.com/indpDB/UC-ImageApps-indiankurtidesign/master/C4/HD/44.png,https://raw.githubusercontent.com/indpDB/UC-ImageApps-indiankurtidesign/master/C5/TH/44.png,https://raw.githubusercontent.com/indpDB/UC-ImageApps-indiankurtidesign/master/C5/HD/44.png,https://raw.githubusercontent.com/indpDB/UC-ImageApps-indiankurtidesign/master/C6/TH/44.png,https://raw.githubusercontent.com/indpDB/UC-ImageApps-indiankurtidesign/master/C6/HD/44.png,https://raw.githubusercontent.com/indpDB/UC-ImageApps-indiankurtidesign/master/C7/TH/44.png,https://raw.githubusercontent.com/indpDB/UC-ImageApps-indiankurtidesign/master/C7/HD/44.png,https://raw.githubusercontent.com/indpDB/UC-ImageApps-indiankurtidesign/master/C8/TH/44.png,https://raw.githubusercontent.com/indpDB/UC-ImageApps-indiankurtidesign/master/C8/HD/44.png,https://raw.githubusercontent.com/indpDB/UC-ImageApps-indiankurtidesign/master/C9/TH/44.png,https://raw.githubusercontent.com/indpDB/UC-ImageApps-indiankurtidesign/master/C9/HD/44.png,https://raw.githubusercontent.com/indpDB/UC-ImageApps-indiankurtidesign/master/C10/TH/44.png,https://raw.githubusercontent.com/indpDB/UC-ImageApps-indiankurtidesign/master/C10/HD/44.png,,,,,,,,,,,,,,,,,,,,,,,,,,,,,,,,,,,,,,,,,,,,,,,,,,,,,,,,,,
,,,https://raw.githubusercontent.com/indpDB/UC-ImageApps-indiankurtidesign/master/C1/TH/45.png,https://raw.githubusercontent.com/indpDB/UC-ImageApps-indiankurtidesign/master/C1/HD/45.png,https://raw.githubusercontent.com/indpDB/UC-ImageApps-indiankurtidesign/master/C2/TH/45.png,https://raw.githubusercontent.com/indpDB/UC-ImageApps-indiankurtidesign/master/C2/HD/45.png,https://raw.githubusercontent.com/indpDB/UC-ImageApps-indiankurtidesign/master/C3/TH/45.png,https://raw.githubusercontent.com/indpDB/UC-ImageApps-indiankurtidesign/master/C3/HD/45.png,https://raw.githubusercontent.com/indpDB/UC-ImageApps-indiankurtidesign/master/C4/TH/45.png,https://raw.githubusercontent.com/indpDB/UC-ImageApps-indiankurtidesign/master/C4/HD/45.png,https://raw.githubusercontent.com/indpDB/UC-ImageApps-indiankurtidesign/master/C5/TH/45.png,https://raw.githubusercontent.com/indpDB/UC-ImageApps-indiankurtidesign/master/C5/HD/45.png,https://raw.githubusercontent.com/indpDB/UC-ImageApps-indiankurtidesign/master/C6/TH/45.png,https://raw.githubusercontent.com/indpDB/UC-ImageApps-indiankurtidesign/master/C6/HD/45.png,https://raw.githubusercontent.com/indpDB/UC-ImageApps-indiankurtidesign/master/C7/TH/45.png,https://raw.githubusercontent.com/indpDB/UC-ImageApps-indiankurtidesign/master/C7/HD/45.png,https://raw.githubusercontent.com/indpDB/UC-ImageApps-indiankurtidesign/master/C8/TH/45.png,https://raw.githubusercontent.com/indpDB/UC-ImageApps-indiankurtidesign/master/C8/HD/45.png,https://raw.githubusercontent.com/indpDB/UC-ImageApps-indiankurtidesign/master/C9/TH/45.png,https://raw.githubusercontent.com/indpDB/UC-ImageApps-indiankurtidesign/master/C9/HD/45.png,https://raw.githubusercontent.com/indpDB/UC-ImageApps-indiankurtidesign/master/C10/TH/45.png,https://raw.githubusercontent.com/indpDB/UC-ImageApps-indiankurtidesign/master/C10/HD/45.png,,,,,,,,,,,,,,,,,,,,,,,,,,,,,,,,,,,,,,,,,,,,,,,,,,,,,,,,,,
,,,https://raw.githubusercontent.com/indpDB/UC-ImageApps-indiankurtidesign/master/C1/TH/46.png,https://raw.githubusercontent.com/indpDB/UC-ImageApps-indiankurtidesign/master/C1/HD/46.png,https://raw.githubusercontent.com/indpDB/UC-ImageApps-indiankurtidesign/master/C2/TH/46.png,https://raw.githubusercontent.com/indpDB/UC-ImageApps-indiankurtidesign/master/C2/HD/46.png,https://raw.githubusercontent.com/indpDB/UC-ImageApps-indiankurtidesign/master/C3/TH/46.png,https://raw.githubusercontent.com/indpDB/UC-ImageApps-indiankurtidesign/master/C3/HD/46.png,https://raw.githubusercontent.com/indpDB/UC-ImageApps-indiankurtidesign/master/C4/TH/46.png,https://raw.githubusercontent.com/indpDB/UC-ImageApps-indiankurtidesign/master/C4/HD/46.png,https://raw.githubusercontent.com/indpDB/UC-ImageApps-indiankurtidesign/master/C5/TH/46.png,https://raw.githubusercontent.com/indpDB/UC-ImageApps-indiankurtidesign/master/C5/HD/46.png,https://raw.githubusercontent.com/indpDB/UC-ImageApps-indiankurtidesign/master/C6/TH/46.png,https://raw.githubusercontent.com/indpDB/UC-ImageApps-indiankurtidesign/master/C6/HD/46.png,https://raw.githubusercontent.com/indpDB/UC-ImageApps-indiankurtidesign/master/C7/TH/46.png,https://raw.githubusercontent.com/indpDB/UC-ImageApps-indiankurtidesign/master/C7/HD/46.png,https://raw.githubusercontent.com/indpDB/UC-ImageApps-indiankurtidesign/master/C8/TH/46.png,https://raw.githubusercontent.com/indpDB/UC-ImageApps-indiankurtidesign/master/C8/HD/46.png,https://raw.githubusercontent.com/indpDB/UC-ImageApps-indiankurtidesign/master/C9/TH/46.png,https://raw.githubusercontent.com/indpDB/UC-ImageApps-indiankurtidesign/master/C9/HD/46.png,https://raw.githubusercontent.com/indpDB/UC-ImageApps-indiankurtidesign/master/C10/TH/46.png,https://raw.githubusercontent.com/indpDB/UC-ImageApps-indiankurtidesign/master/C10/HD/46.png,,,,,,,,,,,,,,,,,,,,,,,,,,,,,,,,,,,,,,,,,,,,,,,,,,,,,,,,,,
,,,https://raw.githubusercontent.com/indpDB/UC-ImageApps-indiankurtidesign/master/C1/TH/47.png,https://raw.githubusercontent.com/indpDB/UC-ImageApps-indiankurtidesign/master/C1/HD/47.png,https://raw.githubusercontent.com/indpDB/UC-ImageApps-indiankurtidesign/master/C2/TH/47.png,https://raw.githubusercontent.com/indpDB/UC-ImageApps-indiankurtidesign/master/C2/HD/47.png,https://raw.githubusercontent.com/indpDB/UC-ImageApps-indiankurtidesign/master/C3/TH/47.png,https://raw.githubusercontent.com/indpDB/UC-ImageApps-indiankurtidesign/master/C3/HD/47.png,https://raw.githubusercontent.com/indpDB/UC-ImageApps-indiankurtidesign/master/C4/TH/47.png,https://raw.githubusercontent.com/indpDB/UC-ImageApps-indiankurtidesign/master/C4/HD/47.png,https://raw.githubusercontent.com/indpDB/UC-ImageApps-indiankurtidesign/master/C5/TH/47.png,https://raw.githubusercontent.com/indpDB/UC-ImageApps-indiankurtidesign/master/C5/HD/47.png,https://raw.githubusercontent.com/indpDB/UC-ImageApps-indiankurtidesign/master/C6/TH/47.png,https://raw.githubusercontent.com/indpDB/UC-ImageApps-indiankurtidesign/master/C6/HD/47.png,https://raw.githubusercontent.com/indpDB/UC-ImageApps-indiankurtidesign/master/C7/TH/47.png,https://raw.githubusercontent.com/indpDB/UC-ImageApps-indiankurtidesign/master/C7/HD/47.png,https://raw.githubusercontent.com/indpDB/UC-ImageApps-indiankurtidesign/master/C8/TH/47.png,https://raw.githubusercontent.com/indpDB/UC-ImageApps-indiankurtidesign/master/C8/HD/47.png,https://raw.githubusercontent.com/indpDB/UC-ImageApps-indiankurtidesign/master/C9/TH/47.png,https://raw.githubusercontent.com/indpDB/UC-ImageApps-indiankurtidesign/master/C9/HD/47.png,https://raw.githubusercontent.com/indpDB/UC-ImageApps-indiankurtidesign/master/C10/TH/47.png,https://raw.githubusercontent.com/indpDB/UC-ImageApps-indiankurtidesign/master/C10/HD/47.png,,,,,,,,,,,,,,,,,,,,,,,,,,,,,,,,,,,,,,,,,,,,,,,,,,,,,,,,,,
,,,https://raw.githubusercontent.com/indpDB/UC-ImageApps-indiankurtidesign/master/C1/TH/48.png,https://raw.githubusercontent.com/indpDB/UC-ImageApps-indiankurtidesign/master/C1/HD/48.png,https://raw.githubusercontent.com/indpDB/UC-ImageApps-indiankurtidesign/master/C2/TH/48.png,https://raw.githubusercontent.com/indpDB/UC-ImageApps-indiankurtidesign/master/C2/HD/48.png,https://raw.githubusercontent.com/indpDB/UC-ImageApps-indiankurtidesign/master/C3/TH/48.png,https://raw.githubusercontent.com/indpDB/UC-ImageApps-indiankurtidesign/master/C3/HD/48.png,https://raw.githubusercontent.com/indpDB/UC-ImageApps-indiankurtidesign/master/C4/TH/48.png,https://raw.githubusercontent.com/indpDB/UC-ImageApps-indiankurtidesign/master/C4/HD/48.png,https://raw.githubusercontent.com/indpDB/UC-ImageApps-indiankurtidesign/master/C5/TH/48.png,https://raw.githubusercontent.com/indpDB/UC-ImageApps-indiankurtidesign/master/C5/HD/48.png,https://raw.githubusercontent.com/indpDB/UC-ImageApps-indiankurtidesign/master/C6/TH/48.png,https://raw.githubusercontent.com/indpDB/UC-ImageApps-indiankurtidesign/master/C6/HD/48.png,https://raw.githubusercontent.com/indpDB/UC-ImageApps-indiankurtidesign/master/C7/TH/48.png,https://raw.githubusercontent.com/indpDB/UC-ImageApps-indiankurtidesign/master/C7/HD/48.png,https://raw.githubusercontent.com/indpDB/UC-ImageApps-indiankurtidesign/master/C8/TH/48.png,https://raw.githubusercontent.com/indpDB/UC-ImageApps-indiankurtidesign/master/C8/HD/48.png,https://raw.githubusercontent.com/indpDB/UC-ImageApps-indiankurtidesign/master/C9/TH/48.png,https://raw.githubusercontent.com/indpDB/UC-ImageApps-indiankurtidesign/master/C9/HD/48.png,https://raw.githubusercontent.com/indpDB/UC-ImageApps-indiankurtidesign/master/C10/TH/48.png,https://raw.githubusercontent.com/indpDB/UC-ImageApps-indiankurtidesign/master/C10/HD/48.png,,,,,,,,,,,,,,,,,,,,,,,,,,,,,,,,,,,,,,,,,,,,,,,,,,,,,,,,,,
,,,https://raw.githubusercontent.com/indpDB/UC-ImageApps-indiankurtidesign/master/C1/TH/49.png,https://raw.githubusercontent.com/indpDB/UC-ImageApps-indiankurtidesign/master/C1/HD/49.png,https://raw.githubusercontent.com/indpDB/UC-ImageApps-indiankurtidesign/master/C2/TH/49.png,https://raw.githubusercontent.com/indpDB/UC-ImageApps-indiankurtidesign/master/C2/HD/49.png,https://raw.githubusercontent.com/indpDB/UC-ImageApps-indiankurtidesign/master/C3/TH/49.png,https://raw.githubusercontent.com/indpDB/UC-ImageApps-indiankurtidesign/master/C3/HD/49.png,https://raw.githubusercontent.com/indpDB/UC-ImageApps-indiankurtidesign/master/C4/TH/49.png,https://raw.githubusercontent.com/indpDB/UC-ImageApps-indiankurtidesign/master/C4/HD/49.png,https://raw.githubusercontent.com/indpDB/UC-ImageApps-indiankurtidesign/master/C5/TH/49.png,https://raw.githubusercontent.com/indpDB/UC-ImageApps-indiankurtidesign/master/C5/HD/49.png,https://raw.githubusercontent.com/indpDB/UC-ImageApps-indiankurtidesign/master/C6/TH/49.png,https://raw.githubusercontent.com/indpDB/UC-ImageApps-indiankurtidesign/master/C6/HD/49.png,https://raw.githubusercontent.com/indpDB/UC-ImageApps-indiankurtidesign/master/C7/TH/49.png,https://raw.githubusercontent.com/indpDB/UC-ImageApps-indiankurtidesign/master/C7/HD/49.png,https://raw.githubusercontent.com/indpDB/UC-ImageApps-indiankurtidesign/master/C8/TH/49.png,https://raw.githubusercontent.com/indpDB/UC-ImageApps-indiankurtidesign/master/C8/HD/49.png,https://raw.githubusercontent.com/indpDB/UC-ImageApps-indiankurtidesign/master/C9/TH/49.png,https://raw.githubusercontent.com/indpDB/UC-ImageApps-indiankurtidesign/master/C9/HD/49.png,https://raw.githubusercontent.com/indpDB/UC-ImageApps-indiankurtidesign/master/C10/TH/49.png,https://raw.githubusercontent.com/indpDB/UC-ImageApps-indiankurtidesign/master/C10/HD/49.png,,,,,,,,,,,,,,,,,,,,,,,,,,,,,,,,,,,,,,,,,,,,,,,,,,,,,,,,,,
,,,https://raw.githubusercontent.com/indpDB/UC-ImageApps-indiankurtidesign/master/C1/TH/50.png,https://raw.githubusercontent.com/indpDB/UC-ImageApps-indiankurtidesign/master/C1/HD/50.png,https://raw.githubusercontent.com/indpDB/UC-ImageApps-indiankurtidesign/master/C2/TH/50.png,https://raw.githubusercontent.com/indpDB/UC-ImageApps-indiankurtidesign/master/C2/HD/50.png,https://raw.githubusercontent.com/indpDB/UC-ImageApps-indiankurtidesign/master/C3/TH/50.png,https://raw.githubusercontent.com/indpDB/UC-ImageApps-indiankurtidesign/master/C3/HD/50.png,https://raw.githubusercontent.com/indpDB/UC-ImageApps-indiankurtidesign/master/C4/TH/50.png,https://raw.githubusercontent.com/indpDB/UC-ImageApps-indiankurtidesign/master/C4/HD/50.png,https://raw.githubusercontent.com/indpDB/UC-ImageApps-indiankurtidesign/master/C5/TH/50.png,https://raw.githubusercontent.com/indpDB/UC-ImageApps-indiankurtidesign/master/C5/HD/50.png,https://raw.githubusercontent.com/indpDB/UC-ImageApps-indiankurtidesign/master/C6/TH/50.png,https://raw.githubusercontent.com/indpDB/UC-ImageApps-indiankurtidesign/master/C6/HD/50.png,https://raw.githubusercontent.com/indpDB/UC-ImageApps-indiankurtidesign/master/C7/TH/50.png,https://raw.githubusercontent.com/indpDB/UC-ImageApps-indiankurtidesign/master/C7/HD/50.png,https://raw.githubusercontent.com/indpDB/UC-ImageApps-indiankurtidesign/master/C8/TH/50.png,https://raw.githubusercontent.com/indpDB/UC-ImageApps-indiankurtidesign/master/C8/HD/50.png,https://raw.githubusercontent.com/indpDB/UC-ImageApps-indiankurtidesign/master/C9/TH/50.png,https://raw.githubusercontent.com/indpDB/UC-ImageApps-indiankurtidesign/master/C9/HD/50.png,https://raw.githubusercontent.com/indpDB/UC-ImageApps-indiankurtidesign/master/C10/TH/50.png,https://raw.githubusercontent.com/indpDB/UC-ImageApps-indiankurtidesign/master/C10/HD/50.png,,,,,,,,,,,,,,,,,,,,,,,,,,,,,,,,,,,,,,,,,,,,,,,,,,,,,,,,,,
,,,https://raw.githubusercontent.com/indpDB/UC-ImageApps-indiankurtidesign/master/C1/TH/51.png,https://raw.githubusercontent.com/indpDB/UC-ImageApps-indiankurtidesign/master/C1/HD/51.png,https://raw.githubusercontent.com/indpDB/UC-ImageApps-indiankurtidesign/master/C2/TH/51.png,https://raw.githubusercontent.com/indpDB/UC-ImageApps-indiankurtidesign/master/C2/HD/51.png,https://raw.githubusercontent.com/indpDB/UC-ImageApps-indiankurtidesign/master/C3/TH/51.png,https://raw.githubusercontent.com/indpDB/UC-ImageApps-indiankurtidesign/master/C3/HD/51.png,https://raw.githubusercontent.com/indpDB/UC-ImageApps-indiankurtidesign/master/C4/TH/51.png,https://raw.githubusercontent.com/indpDB/UC-ImageApps-indiankurtidesign/master/C4/HD/51.png,https://raw.githubusercontent.com/indpDB/UC-ImageApps-indiankurtidesign/master/C5/TH/51.png,https://raw.githubusercontent.com/indpDB/UC-ImageApps-indiankurtidesign/master/C5/HD/51.png,https://raw.githubusercontent.com/indpDB/UC-ImageApps-indiankurtidesign/master/C6/TH/51.png,https://raw.githubusercontent.com/indpDB/UC-ImageApps-indiankurtidesign/master/C6/HD/51.png,https://raw.githubusercontent.com/indpDB/UC-ImageApps-indiankurtidesign/master/C7/TH/51.png,https://raw.githubusercontent.com/indpDB/UC-ImageApps-indiankurtidesign/master/C7/HD/51.png,https://raw.githubusercontent.com/indpDB/UC-ImageApps-indiankurtidesign/master/C8/TH/51.png,https://raw.githubusercontent.com/indpDB/UC-ImageApps-indiankurtidesign/master/C8/HD/51.png,https://raw.githubusercontent.com/indpDB/UC-ImageApps-indiankurtidesign/master/C9/TH/51.png,https://raw.githubusercontent.com/indpDB/UC-ImageApps-indiankurtidesign/master/C9/HD/51.png,https://raw.githubusercontent.com/indpDB/UC-ImageApps-indiankurtidesign/master/C10/TH/51.png,https://raw.githubusercontent.com/indpDB/UC-ImageApps-indiankurtidesign/master/C10/HD/51.png,,,,,,,,,,,,,,,,,,,,,,,,,,,,,,,,,,,,,,,,,,,,,,,,,,,,,,,,,,
,,,https://raw.githubusercontent.com/indpDB/UC-ImageApps-indiankurtidesign/master/C1/TH/52.png,https://raw.githubusercontent.com/indpDB/UC-ImageApps-indiankurtidesign/master/C1/HD/52.png,https://raw.githubusercontent.com/indpDB/UC-ImageApps-indiankurtidesign/master/C2/TH/52.png,https://raw.githubusercontent.com/indpDB/UC-ImageApps-indiankurtidesign/master/C2/HD/52.png,https://raw.githubusercontent.com/indpDB/UC-ImageApps-indiankurtidesign/master/C3/TH/52.png,https://raw.githubusercontent.com/indpDB/UC-ImageApps-indiankurtidesign/master/C3/HD/52.png,https://raw.githubusercontent.com/indpDB/UC-ImageApps-indiankurtidesign/master/C4/TH/52.png,https://raw.githubusercontent.com/indpDB/UC-ImageApps-indiankurtidesign/master/C4/HD/52.png,https://raw.githubusercontent.com/indpDB/UC-ImageApps-indiankurtidesign/master/C5/TH/52.png,https://raw.githubusercontent.com/indpDB/UC-ImageApps-indiankurtidesign/master/C5/HD/52.png,https://raw.githubusercontent.com/indpDB/UC-ImageApps-indiankurtidesign/master/C6/TH/52.png,https://raw.githubusercontent.com/indpDB/UC-ImageApps-indiankurtidesign/master/C6/HD/52.png,https://raw.githubusercontent.com/indpDB/UC-ImageApps-indiankurtidesign/master/C7/TH/52.png,https://raw.githubusercontent.com/indpDB/UC-ImageApps-indiankurtidesign/master/C7/HD/52.png,https://raw.githubusercontent.com/indpDB/UC-ImageApps-indiankurtidesign/master/C8/TH/52.png,https://raw.githubusercontent.com/indpDB/UC-ImageApps-indiankurtidesign/master/C8/HD/52.png,https://raw.githubusercontent.com/indpDB/UC-ImageApps-indiankurtidesign/master/C9/TH/52.png,https://raw.githubusercontent.com/indpDB/UC-ImageApps-indiankurtidesign/master/C9/HD/52.png,https://raw.githubusercontent.com/indpDB/UC-ImageApps-indiankurtidesign/master/C10/TH/52.png,https://raw.githubusercontent.com/indpDB/UC-ImageApps-indiankurtidesign/master/C10/HD/52.png,,,,,,,,,,,,,,,,,,,,,,,,,,,,,,,,,,,,,,,,,,,,,,,,,,,,,,,,,,
,,,https://raw.githubusercontent.com/indpDB/UC-ImageApps-indiankurtidesign/master/C1/TH/53.png,https://raw.githubusercontent.com/indpDB/UC-ImageApps-indiankurtidesign/master/C1/HD/53.png,https://raw.githubusercontent.com/indpDB/UC-ImageApps-indiankurtidesign/master/C2/TH/53.png,https://raw.githubusercontent.com/indpDB/UC-ImageApps-indiankurtidesign/master/C2/HD/53.png,https://raw.githubusercontent.com/indpDB/UC-ImageApps-indiankurtidesign/master/C3/TH/53.png,https://raw.githubusercontent.com/indpDB/UC-ImageApps-indiankurtidesign/master/C3/HD/53.png,https://raw.githubusercontent.com/indpDB/UC-ImageApps-indiankurtidesign/master/C4/TH/53.png,https://raw.githubusercontent.com/indpDB/UC-ImageApps-indiankurtidesign/master/C4/HD/53.png,https://raw.githubusercontent.com/indpDB/UC-ImageApps-indiankurtidesign/master/C5/TH/53.png,https://raw.githubusercontent.com/indpDB/UC-ImageApps-indiankurtidesign/master/C5/HD/53.png,https://raw.githubusercontent.com/indpDB/UC-ImageApps-indiankurtidesign/master/C6/TH/53.png,https://raw.githubusercontent.com/indpDB/UC-ImageApps-indiankurtidesign/master/C6/HD/53.png,https://raw.githubusercontent.com/indpDB/UC-ImageApps-indiankurtidesign/master/C7/TH/53.png,https://raw.githubusercontent.com/indpDB/UC-ImageApps-indiankurtidesign/master/C7/HD/53.png,https://raw.githubusercontent.com/indpDB/UC-ImageApps-indiankurtidesign/master/C8/TH/53.png,https://raw.githubusercontent.com/indpDB/UC-ImageApps-indiankurtidesign/master/C8/HD/53.png,https://raw.githubusercontent.com/indpDB/UC-ImageApps-indiankurtidesign/master/C9/TH/53.png,https://raw.githubusercontent.com/indpDB/UC-ImageApps-indiankurtidesign/master/C9/HD/53.png,https://raw.githubusercontent.com/indpDB/UC-ImageApps-indiankurtidesign/master/C10/TH/53.png,https://raw.githubusercontent.com/indpDB/UC-ImageApps-indiankurtidesign/master/C10/HD/53.png,,,,,,,,,,,,,,,,,,,,,,,,,,,,,,,,,,,,,,,,,,,,,,,,,,,,,,,,,,
,,,https://raw.githubusercontent.com/indpDB/UC-ImageApps-indiankurtidesign/master/C1/TH/54.png,https://raw.githubusercontent.com/indpDB/UC-ImageApps-indiankurtidesign/master/C1/HD/54.png,https://raw.githubusercontent.com/indpDB/UC-ImageApps-indiankurtidesign/master/C2/TH/54.png,https://raw.githubusercontent.com/indpDB/UC-ImageApps-indiankurtidesign/master/C2/HD/54.png,https://raw.githubusercontent.com/indpDB/UC-ImageApps-indiankurtidesign/master/C3/TH/54.png,https://raw.githubusercontent.com/indpDB/UC-ImageApps-indiankurtidesign/master/C3/HD/54.png,https://raw.githubusercontent.com/indpDB/UC-ImageApps-indiankurtidesign/master/C4/TH/54.png,https://raw.githubusercontent.com/indpDB/UC-ImageApps-indiankurtidesign/master/C4/HD/54.png,https://raw.githubusercontent.com/indpDB/UC-ImageApps-indiankurtidesign/master/C5/TH/54.png,https://raw.githubusercontent.com/indpDB/UC-ImageApps-indiankurtidesign/master/C5/HD/54.png,https://raw.githubusercontent.com/indpDB/UC-ImageApps-indiankurtidesign/master/C6/TH/54.png,https://raw.githubusercontent.com/indpDB/UC-ImageApps-indiankurtidesign/master/C6/HD/54.png,https://raw.githubusercontent.com/indpDB/UC-ImageApps-indiankurtidesign/master/C7/TH/54.png,https://raw.githubusercontent.com/indpDB/UC-ImageApps-indiankurtidesign/master/C7/HD/54.png,https://raw.githubusercontent.com/indpDB/UC-ImageApps-indiankurtidesign/master/C8/TH/54.png,https://raw.githubusercontent.com/indpDB/UC-ImageApps-indiankurtidesign/master/C8/HD/54.png,https://raw.githubusercontent.com/indpDB/UC-ImageApps-indiankurtidesign/master/C9/TH/54.png,https://raw.githubusercontent.com/indpDB/UC-ImageApps-indiankurtidesign/master/C9/HD/54.png,https://raw.githubusercontent.com/indpDB/UC-ImageApps-indiankurtidesign/master/C10/TH/54.png,https://raw.githubusercontent.com/indpDB/UC-ImageApps-indiankurtidesign/master/C10/HD/54.png,,,,,,,,,,,,,,,,,,,,,,,,,,,,,,,,,,,,,,,,,,,,,,,,,,,,,,,,,,
,,,https://raw.githubusercontent.com/indpDB/UC-ImageApps-indiankurtidesign/master/C1/TH/55.png,https://raw.githubusercontent.com/indpDB/UC-ImageApps-indiankurtidesign/master/C1/HD/55.png,https://raw.githubusercontent.com/indpDB/UC-ImageApps-indiankurtidesign/master/C2/TH/55.png,https://raw.githubusercontent.com/indpDB/UC-ImageApps-indiankurtidesign/master/C2/HD/55.png,https://raw.githubusercontent.com/indpDB/UC-ImageApps-indiankurtidesign/master/C3/TH/55.png,https://raw.githubusercontent.com/indpDB/UC-ImageApps-indiankurtidesign/master/C3/HD/55.png,https://raw.githubusercontent.com/indpDB/UC-ImageApps-indiankurtidesign/master/C4/TH/55.png,https://raw.githubusercontent.com/indpDB/UC-ImageApps-indiankurtidesign/master/C4/HD/55.png,https://raw.githubusercontent.com/indpDB/UC-ImageApps-indiankurtidesign/master/C5/TH/55.png,https://raw.githubusercontent.com/indpDB/UC-ImageApps-indiankurtidesign/master/C5/HD/55.png,https://raw.githubusercontent.com/indpDB/UC-ImageApps-indiankurtidesign/master/C6/TH/55.png,https://raw.githubusercontent.com/indpDB/UC-ImageApps-indiankurtidesign/master/C6/HD/55.png,https://raw.githubusercontent.com/indpDB/UC-ImageApps-indiankurtidesign/master/C7/TH/55.png,https://raw.githubusercontent.com/indpDB/UC-ImageApps-indiankurtidesign/master/C7/HD/55.png,https://raw.githubusercontent.com/indpDB/UC-ImageApps-indiankurtidesign/master/C8/TH/55.png,https://raw.githubusercontent.com/indpDB/UC-ImageApps-indiankurtidesign/master/C8/HD/55.png,https://raw.githubusercontent.com/indpDB/UC-ImageApps-indiankurtidesign/master/C9/TH/55.png,https://raw.githubusercontent.com/indpDB/UC-ImageApps-indiankurtidesign/master/C9/HD/55.png,https://raw.githubusercontent.com/indpDB/UC-ImageApps-indiankurtidesign/master/C10/TH/55.png,https://raw.githubusercontent.com/indpDB/UC-ImageApps-indiankurtidesign/master/C10/HD/55.png,,,,,,,,,,,,,,,,,,,,,,,,,,,,,,,,,,,,,,,,,,,,,,,,,,,,,,,,,,
,,,https://raw.githubusercontent.com/indpDB/UC-ImageApps-indiankurtidesign/master/C1/TH/56.png,https://raw.githubusercontent.com/indpDB/UC-ImageApps-indiankurtidesign/master/C1/HD/56.png,https://raw.githubusercontent.com/indpDB/UC-ImageApps-indiankurtidesign/master/C2/TH/56.png,https://raw.githubusercontent.com/indpDB/UC-ImageApps-indiankurtidesign/master/C2/HD/56.png,https://raw.githubusercontent.com/indpDB/UC-ImageApps-indiankurtidesign/master/C3/TH/56.png,https://raw.githubusercontent.com/indpDB/UC-ImageApps-indiankurtidesign/master/C3/HD/56.png,https://raw.githubusercontent.com/indpDB/UC-ImageApps-indiankurtidesign/master/C4/TH/56.png,https://raw.githubusercontent.com/indpDB/UC-ImageApps-indiankurtidesign/master/C4/HD/56.png,https://raw.githubusercontent.com/indpDB/UC-ImageApps-indiankurtidesign/master/C5/TH/56.png,https://raw.githubusercontent.com/indpDB/UC-ImageApps-indiankurtidesign/master/C5/HD/56.png,https://raw.githubusercontent.com/indpDB/UC-ImageApps-indiankurtidesign/master/C6/TH/56.png,https://raw.githubusercontent.com/indpDB/UC-ImageApps-indiankurtidesign/master/C6/HD/56.png,https://raw.githubusercontent.com/indpDB/UC-ImageApps-indiankurtidesign/master/C7/TH/56.png,https://raw.githubusercontent.com/indpDB/UC-ImageApps-indiankurtidesign/master/C7/HD/56.png,https://raw.githubusercontent.com/indpDB/UC-ImageApps-indiankurtidesign/master/C8/TH/56.png,https://raw.githubusercontent.com/indpDB/UC-ImageApps-indiankurtidesign/master/C8/HD/56.png,https://raw.githubusercontent.com/indpDB/UC-ImageApps-indiankurtidesign/master/C9/TH/56.png,https://raw.githubusercontent.com/indpDB/UC-ImageApps-indiankurtidesign/master/C9/HD/56.png,https://raw.githubusercontent.com/indpDB/UC-ImageApps-indiankurtidesign/master/C10/TH/56.png,https://raw.githubusercontent.com/indpDB/UC-ImageApps-indiankurtidesign/master/C10/HD/56.png,,,,,,,,,,,,,,,,,,,,,,,,,,,,,,,,,,,,,,,,,,,,,,,,,,,,,,,,,,
,,,https://raw.githubusercontent.com/indpDB/UC-ImageApps-indiankurtidesign/master/C1/TH/57.png,https://raw.githubusercontent.com/indpDB/UC-ImageApps-indiankurtidesign/master/C1/HD/57.png,https://raw.githubusercontent.com/indpDB/UC-ImageApps-indiankurtidesign/master/C2/TH/57.png,https://raw.githubusercontent.com/indpDB/UC-ImageApps-indiankurtidesign/master/C2/HD/57.png,https://raw.githubusercontent.com/indpDB/UC-ImageApps-indiankurtidesign/master/C3/TH/57.png,https://raw.githubusercontent.com/indpDB/UC-ImageApps-indiankurtidesign/master/C3/HD/57.png,https://raw.githubusercontent.com/indpDB/UC-ImageApps-indiankurtidesign/master/C4/TH/57.png,https://raw.githubusercontent.com/indpDB/UC-ImageApps-indiankurtidesign/master/C4/HD/57.png,https://raw.githubusercontent.com/indpDB/UC-ImageApps-indiankurtidesign/master/C5/TH/57.png,https://raw.githubusercontent.com/indpDB/UC-ImageApps-indiankurtidesign/master/C5/HD/57.png,https://raw.githubusercontent.com/indpDB/UC-ImageApps-indiankurtidesign/master/C6/TH/57.png,https://raw.githubusercontent.com/indpDB/UC-ImageApps-indiankurtidesign/master/C6/HD/57.png,https://raw.githubusercontent.com/indpDB/UC-ImageApps-indiankurtidesign/master/C7/TH/57.png,https://raw.githubusercontent.com/indpDB/UC-ImageApps-indiankurtidesign/master/C7/HD/57.png,https://raw.githubusercontent.com/indpDB/UC-ImageApps-indiankurtidesign/master/C8/TH/57.png,https://raw.githubusercontent.com/indpDB/UC-ImageApps-indiankurtidesign/master/C8/HD/57.png,https://raw.githubusercontent.com/indpDB/UC-ImageApps-indiankurtidesign/master/C9/TH/57.png,https://raw.githubusercontent.com/indpDB/UC-ImageApps-indiankurtidesign/master/C9/HD/57.png,https://raw.githubusercontent.com/indpDB/UC-ImageApps-indiankurtidesign/master/C10/TH/57.png,https://raw.githubusercontent.com/indpDB/UC-ImageApps-indiankurtidesign/master/C10/HD/57.png,,,,,,,,,,,,,,,,,,,,,,,,,,,,,,,,,,,,,,,,,,,,,,,,,,,,,,,,,,
,,,https://raw.githubusercontent.com/indpDB/UC-ImageApps-indiankurtidesign/master/C1/TH/58.png,https://raw.githubusercontent.com/indpDB/UC-ImageApps-indiankurtidesign/master/C1/HD/58.png,https://raw.githubusercontent.com/indpDB/UC-ImageApps-indiankurtidesign/master/C2/TH/58.png,https://raw.githubusercontent.com/indpDB/UC-ImageApps-indiankurtidesign/master/C2/HD/58.png,https://raw.githubusercontent.com/indpDB/UC-ImageApps-indiankurtidesign/master/C3/TH/58.png,https://raw.githubusercontent.com/indpDB/UC-ImageApps-indiankurtidesign/master/C3/HD/58.png,https://raw.githubusercontent.com/indpDB/UC-ImageApps-indiankurtidesign/master/C4/TH/58.png,https://raw.githubusercontent.com/indpDB/UC-ImageApps-indiankurtidesign/master/C4/HD/58.png,https://raw.githubusercontent.com/indpDB/UC-ImageApps-indiankurtidesign/master/C5/TH/58.png,https://raw.githubusercontent.com/indpDB/UC-ImageApps-indiankurtidesign/master/C5/HD/58.png,https://raw.githubusercontent.com/indpDB/UC-ImageApps-indiankurtidesign/master/C6/TH/58.png,https://raw.githubusercontent.com/indpDB/UC-ImageApps-indiankurtidesign/master/C6/HD/58.png,https://raw.githubusercontent.com/indpDB/UC-ImageApps-indiankurtidesign/master/C7/TH/58.png,https://raw.githubusercontent.com/indpDB/UC-ImageApps-indiankurtidesign/master/C7/HD/58.png,https://raw.githubusercontent.com/indpDB/UC-ImageApps-indiankurtidesign/master/C8/TH/58.png,https://raw.githubusercontent.com/indpDB/UC-ImageApps-indiankurtidesign/master/C8/HD/58.png,https://raw.githubusercontent.com/indpDB/UC-ImageApps-indiankurtidesign/master/C9/TH/58.png,https://raw.githubusercontent.com/indpDB/UC-ImageApps-indiankurtidesign/master/C9/HD/58.png,https://raw.githubusercontent.com/indpDB/UC-ImageApps-indiankurtidesign/master/C10/TH/58.png,https://raw.githubusercontent.com/indpDB/UC-ImageApps-indiankurtidesign/master/C10/HD/58.png,,,,,,,,,,,,,,,,,,,,,,,,,,,,,,,,,,,,,,,,,,,,,,,,,,,,,,,,,,
,,,https://raw.githubusercontent.com/indpDB/UC-ImageApps-indiankurtidesign/master/C1/TH/59.png,https://raw.githubusercontent.com/indpDB/UC-ImageApps-indiankurtidesign/master/C1/HD/59.png,https://raw.githubusercontent.com/indpDB/UC-ImageApps-indiankurtidesign/master/C2/TH/59.png,https://raw.githubusercontent.com/indpDB/UC-ImageApps-indiankurtidesign/master/C2/HD/59.png,https://raw.githubusercontent.com/indpDB/UC-ImageApps-indiankurtidesign/master/C3/TH/59.png,https://raw.githubusercontent.com/indpDB/UC-ImageApps-indiankurtidesign/master/C3/HD/59.png,https://raw.githubusercontent.com/indpDB/UC-ImageApps-indiankurtidesign/master/C4/TH/59.png,https://raw.githubusercontent.com/indpDB/UC-ImageApps-indiankurtidesign/master/C4/HD/59.png,https://raw.githubusercontent.com/indpDB/UC-ImageApps-indiankurtidesign/master/C5/TH/59.png,https://raw.githubusercontent.com/indpDB/UC-ImageApps-indiankurtidesign/master/C5/HD/59.png,https://raw.githubusercontent.com/indpDB/UC-ImageApps-indiankurtidesign/master/C6/TH/59.png,https://raw.githubusercontent.com/indpDB/UC-ImageApps-indiankurtidesign/master/C6/HD/59.png,https://raw.githubusercontent.com/indpDB/UC-ImageApps-indiankurtidesign/master/C7/TH/59.png,https://raw.githubusercontent.com/indpDB/UC-ImageApps-indiankurtidesign/master/C7/HD/59.png,https://raw.githubusercontent.com/indpDB/UC-ImageApps-indiankurtidesign/master/C8/TH/59.png,https://raw.githubusercontent.com/indpDB/UC-ImageApps-indiankurtidesign/master/C8/HD/59.png,https://raw.githubusercontent.com/indpDB/UC-ImageApps-indiankurtidesign/master/C9/TH/59.png,https://raw.githubusercontent.com/indpDB/UC-ImageApps-indiankurtidesign/master/C9/HD/59.png,https://raw.githubusercontent.com/indpDB/UC-ImageApps-indiankurtidesign/master/C10/TH/59.png,https://raw.githubusercontent.com/indpDB/UC-ImageApps-indiankurtidesign/master/C10/HD/59.png,,,,,,,,,,,,,,,,,,,,,,,,,,,,,,,,,,,,,,,,,,,,,,,,,,,,,,,,,,
,,,https://raw.githubusercontent.com/indpDB/UC-ImageApps-indiankurtidesign/master/C1/TH/60.png,https://raw.githubusercontent.com/indpDB/UC-ImageApps-indiankurtidesign/master/C1/HD/60.png,https://raw.githubusercontent.com/indpDB/UC-ImageApps-indiankurtidesign/master/C2/TH/60.png,https://raw.githubusercontent.com/indpDB/UC-ImageApps-indiankurtidesign/master/C2/HD/60.png,https://raw.githubusercontent.com/indpDB/UC-ImageApps-indiankurtidesign/master/C3/TH/60.png,https://raw.githubusercontent.com/indpDB/UC-ImageApps-indiankurtidesign/master/C3/HD/60.png,https://raw.githubusercontent.com/indpDB/UC-ImageApps-indiankurtidesign/master/C4/TH/60.png,https://raw.githubusercontent.com/indpDB/UC-ImageApps-indiankurtidesign/master/C4/HD/60.png,https://raw.githubusercontent.com/indpDB/UC-ImageApps-indiankurtidesign/master/C5/TH/60.png,https://raw.githubusercontent.com/indpDB/UC-ImageApps-indiankurtidesign/master/C5/HD/60.png,https://raw.githubusercontent.com/indpDB/UC-ImageApps-indiankurtidesign/master/C6/TH/60.png,https://raw.githubusercontent.com/indpDB/UC-ImageApps-indiankurtidesign/master/C6/HD/60.png,https://raw.githubusercontent.com/indpDB/UC-ImageApps-indiankurtidesign/master/C7/TH/60.png,https://raw.githubusercontent.com/indpDB/UC-ImageApps-indiankurtidesign/master/C7/HD/60.png,https://raw.githubusercontent.com/indpDB/UC-ImageApps-indiankurtidesign/master/C8/TH/60.png,https://raw.githubusercontent.com/indpDB/UC-ImageApps-indiankurtidesign/master/C8/HD/60.png,https://raw.githubusercontent.com/indpDB/UC-ImageApps-indiankurtidesign/master/C9/TH/60.png,https://raw.githubusercontent.com/indpDB/UC-ImageApps-indiankurtidesign/master/C9/HD/60.png,https://raw.githubusercontent.com/indpDB/UC-ImageApps-indiankurtidesign/master/C10/TH/60.png,https://raw.githubusercontent.com/indpDB/UC-ImageApps-indiankurtidesign/master/C10/HD/60.png,,,,,,,,,,,,,,,,,,,,,,,,,,,,,,,,,,,,,,,,,,,,,,,,,,,,,,,,,,
,,,https://raw.githubusercontent.com/indpDB/UC-ImageApps-indiankurtidesign/master/C1/TH/61.png,https://raw.githubusercontent.com/indpDB/UC-ImageApps-indiankurtidesign/master/C1/HD/61.png,https://raw.githubusercontent.com/indpDB/UC-ImageApps-indiankurtidesign/master/C2/TH/61.png,https://raw.githubusercontent.com/indpDB/UC-ImageApps-indiankurtidesign/master/C2/HD/61.png,https://raw.githubusercontent.com/indpDB/UC-ImageApps-indiankurtidesign/master/C3/TH/61.png,https://raw.githubusercontent.com/indpDB/UC-ImageApps-indiankurtidesign/master/C3/HD/61.png,https://raw.githubusercontent.com/indpDB/UC-ImageApps-indiankurtidesign/master/C4/TH/61.png,https://raw.githubusercontent.com/indpDB/UC-ImageApps-indiankurtidesign/master/C4/HD/61.png,https://raw.githubusercontent.com/indpDB/UC-ImageApps-indiankurtidesign/master/C5/TH/61.png,https://raw.githubusercontent.com/indpDB/UC-ImageApps-indiankurtidesign/master/C5/HD/61.png,https://raw.githubusercontent.com/indpDB/UC-ImageApps-indiankurtidesign/master/C6/TH/61.png,https://raw.githubusercontent.com/indpDB/UC-ImageApps-indiankurtidesign/master/C6/HD/61.png,https://raw.githubusercontent.com/indpDB/UC-ImageApps-indiankurtidesign/master/C7/TH/61.png,https://raw.githubusercontent.com/indpDB/UC-ImageApps-indiankurtidesign/master/C7/HD/61.png,https://raw.githubusercontent.com/indpDB/UC-ImageApps-indiankurtidesign/master/C8/TH/61.png,https://raw.githubusercontent.com/indpDB/UC-ImageApps-indiankurtidesign/master/C8/HD/61.png,https://raw.githubusercontent.com/indpDB/UC-ImageApps-indiankurtidesign/master/C9/TH/61.png,https://raw.githubusercontent.com/indpDB/UC-ImageApps-indiankurtidesign/master/C9/HD/61.png,https://raw.githubusercontent.com/indpDB/UC-ImageApps-indiankurtidesign/master/C10/TH/61.png,https://raw.githubusercontent.com/indpDB/UC-ImageApps-indiankurtidesign/master/C10/HD/61.png,,,,,,,,,,,,,,,,,,,,,,,,,,,,,,,,,,,,,,,,,,,,,,,,,,,,,,,,,,
,,,https://raw.githubusercontent.com/indpDB/UC-ImageApps-indiankurtidesign/master/C1/TH/62.png,https://raw.githubusercontent.com/indpDB/UC-ImageApps-indiankurtidesign/master/C1/HD/62.png,https://raw.githubusercontent.com/indpDB/UC-ImageApps-indiankurtidesign/master/C2/TH/62.png,https://raw.githubusercontent.com/indpDB/UC-ImageApps-indiankurtidesign/master/C2/HD/62.png,https://raw.githubusercontent.com/indpDB/UC-ImageApps-indiankurtidesign/master/C3/TH/62.png,https://raw.githubusercontent.com/indpDB/UC-ImageApps-indiankurtidesign/master/C3/HD/62.png,https://raw.githubusercontent.com/indpDB/UC-ImageApps-indiankurtidesign/master/C4/TH/62.png,https://raw.githubusercontent.com/indpDB/UC-ImageApps-indiankurtidesign/master/C4/HD/62.png,https://raw.githubusercontent.com/indpDB/UC-ImageApps-indiankurtidesign/master/C5/TH/62.png,https://raw.githubusercontent.com/indpDB/UC-ImageApps-indiankurtidesign/master/C5/HD/62.png,https://raw.githubusercontent.com/indpDB/UC-ImageApps-indiankurtidesign/master/C6/TH/62.png,https://raw.githubusercontent.com/indpDB/UC-ImageApps-indiankurtidesign/master/C6/HD/62.png,https://raw.githubusercontent.com/indpDB/UC-ImageApps-indiankurtidesign/master/C7/TH/62.png,https://raw.githubusercontent.com/indpDB/UC-ImageApps-indiankurtidesign/master/C7/HD/62.png,https://raw.githubusercontent.com/indpDB/UC-ImageApps-indiankurtidesign/master/C8/TH/62.png,https://raw.githubusercontent.com/indpDB/UC-ImageApps-indiankurtidesign/master/C8/HD/62.png,https://raw.githubusercontent.com/indpDB/UC-ImageApps-indiankurtidesign/master/C9/TH/62.png,https://raw.githubusercontent.com/indpDB/UC-ImageApps-indiankurtidesign/master/C9/HD/62.png,https://raw.githubusercontent.com/indpDB/UC-ImageApps-indiankurtidesign/master/C10/TH/62.png,https://raw.githubusercontent.com/indpDB/UC-ImageApps-indiankurtidesign/master/C10/HD/62.png,,,,,,,,,,,,,,,,,,,,,,,,,,,,,,,,,,,,,,,,,,,,,,,,,,,,,,,,,,
,,,https://raw.githubusercontent.com/indpDB/UC-ImageApps-indiankurtidesign/master/C1/TH/63.png,https://raw.githubusercontent.com/indpDB/UC-ImageApps-indiankurtidesign/master/C1/HD/63.png,https://raw.githubusercontent.com/indpDB/UC-ImageApps-indiankurtidesign/master/C2/TH/63.png,https://raw.githubusercontent.com/indpDB/UC-ImageApps-indiankurtidesign/master/C2/HD/63.png,https://raw.githubusercontent.com/indpDB/UC-ImageApps-indiankurtidesign/master/C3/TH/63.png,https://raw.githubusercontent.com/indpDB/UC-ImageApps-indiankurtidesign/master/C3/HD/63.png,https://raw.githubusercontent.com/indpDB/UC-ImageApps-indiankurtidesign/master/C4/TH/63.png,https://raw.githubusercontent.com/indpDB/UC-ImageApps-indiankurtidesign/master/C4/HD/63.png,https://raw.githubusercontent.com/indpDB/UC-ImageApps-indiankurtidesign/master/C5/TH/63.png,https://raw.githubusercontent.com/indpDB/UC-ImageApps-indiankurtidesign/master/C5/HD/63.png,https://raw.githubusercontent.com/indpDB/UC-ImageApps-indiankurtidesign/master/C6/TH/63.png,https://raw.githubusercontent.com/indpDB/UC-ImageApps-indiankurtidesign/master/C6/HD/63.png,https://raw.githubusercontent.com/indpDB/UC-ImageApps-indiankurtidesign/master/C7/TH/63.png,https://raw.githubusercontent.com/indpDB/UC-ImageApps-indiankurtidesign/master/C7/HD/63.png,https://raw.githubusercontent.com/indpDB/UC-ImageApps-indiankurtidesign/master/C8/TH/63.png,https://raw.githubusercontent.com/indpDB/UC-ImageApps-indiankurtidesign/master/C8/HD/63.png,https://raw.githubusercontent.com/indpDB/UC-ImageApps-indiankurtidesign/master/C9/TH/63.png,https://raw.githubusercontent.com/indpDB/UC-ImageApps-indiankurtidesign/master/C9/HD/63.png,https://raw.githubusercontent.com/indpDB/UC-ImageApps-indiankurtidesign/master/C10/TH/63.png,https://raw.githubusercontent.com/indpDB/UC-ImageApps-indiankurtidesign/master/C10/HD/63.png,,,,,,,,,,,,,,,,,,,,,,,,,,,,,,,,,,,,,,,,,,,,,,,,,,,,,,,,,,
,,,https://raw.githubusercontent.com/indpDB/UC-ImageApps-indiankurtidesign/master/C1/TH/64.png,https://raw.githubusercontent.com/indpDB/UC-ImageApps-indiankurtidesign/master/C1/HD/64.png,https://raw.githubusercontent.com/indpDB/UC-ImageApps-indiankurtidesign/master/C2/TH/64.png,https://raw.githubusercontent.com/indpDB/UC-ImageApps-indiankurtidesign/master/C2/HD/64.png,https://raw.githubusercontent.com/indpDB/UC-ImageApps-indiankurtidesign/master/C3/TH/64.png,https://raw.githubusercontent.com/indpDB/UC-ImageApps-indiankurtidesign/master/C3/HD/64.png,https://raw.githubusercontent.com/indpDB/UC-ImageApps-indiankurtidesign/master/C4/TH/64.png,https://raw.githubusercontent.com/indpDB/UC-ImageApps-indiankurtidesign/master/C4/HD/64.png,https://raw.githubusercontent.com/indpDB/UC-ImageApps-indiankurtidesign/master/C5/TH/64.png,https://raw.githubusercontent.com/indpDB/UC-ImageApps-indiankurtidesign/master/C5/HD/64.png,https://raw.githubusercontent.com/indpDB/UC-ImageApps-indiankurtidesign/master/C6/TH/64.png,https://raw.githubusercontent.com/indpDB/UC-ImageApps-indiankurtidesign/master/C6/HD/64.png,https://raw.githubusercontent.com/indpDB/UC-ImageApps-indiankurtidesign/master/C7/TH/64.png,https://raw.githubusercontent.com/indpDB/UC-ImageApps-indiankurtidesign/master/C7/HD/64.png,https://raw.githubusercontent.com/indpDB/UC-ImageApps-indiankurtidesign/master/C8/TH/64.png,https://raw.githubusercontent.com/indpDB/UC-ImageApps-indiankurtidesign/master/C8/HD/64.png,https://raw.githubusercontent.com/indpDB/UC-ImageApps-indiankurtidesign/master/C9/TH/64.png,https://raw.githubusercontent.com/indpDB/UC-ImageApps-indiankurtidesign/master/C9/HD/64.png,https://raw.githubusercontent.com/indpDB/UC-ImageApps-indiankurtidesign/master/C10/TH/64.png,https://raw.githubusercontent.com/indpDB/UC-ImageApps-indiankurtidesign/master/C10/HD/64.png,,,,,,,,,,,,,,,,,,,,,,,,,,,,,,,,,,,,,,,,,,,,,,,,,,,,,,,,,,
,,,https://raw.githubusercontent.com/indpDB/UC-ImageApps-indiankurtidesign/master/C1/TH/65.png,https://raw.githubusercontent.com/indpDB/UC-ImageApps-indiankurtidesign/master/C1/HD/65.png,https://raw.githubusercontent.com/indpDB/UC-ImageApps-indiankurtidesign/master/C2/TH/65.png,https://raw.githubusercontent.com/indpDB/UC-ImageApps-indiankurtidesign/master/C2/HD/65.png,https://raw.githubusercontent.com/indpDB/UC-ImageApps-indiankurtidesign/master/C3/TH/65.png,https://raw.githubusercontent.com/indpDB/UC-ImageApps-indiankurtidesign/master/C3/HD/65.png,https://raw.githubusercontent.com/indpDB/UC-ImageApps-indiankurtidesign/master/C4/TH/65.png,https://raw.githubusercontent.com/indpDB/UC-ImageApps-indiankurtidesign/master/C4/HD/65.png,https://raw.githubusercontent.com/indpDB/UC-ImageApps-indiankurtidesign/master/C5/TH/65.png,https://raw.githubusercontent.com/indpDB/UC-ImageApps-indiankurtidesign/master/C5/HD/65.png,https://raw.githubusercontent.com/indpDB/UC-ImageApps-indiankurtidesign/master/C6/TH/65.png,https://raw.githubusercontent.com/indpDB/UC-ImageApps-indiankurtidesign/master/C6/HD/65.png,https://raw.githubusercontent.com/indpDB/UC-ImageApps-indiankurtidesign/master/C7/TH/65.png,https://raw.githubusercontent.com/indpDB/UC-ImageApps-indiankurtidesign/master/C7/HD/65.png,https://raw.githubusercontent.com/indpDB/UC-ImageApps-indiankurtidesign/master/C8/TH/65.png,https://raw.githubusercontent.com/indpDB/UC-ImageApps-indiankurtidesign/master/C8/HD/65.png,https://raw.githubusercontent.com/indpDB/UC-ImageApps-indiankurtidesign/master/C9/TH/65.png,https://raw.githubusercontent.com/indpDB/UC-ImageApps-indiankurtidesign/master/C9/HD/65.png,https://raw.githubusercontent.com/indpDB/UC-ImageApps-indiankurtidesign/master/C10/TH/65.png,https://raw.githubusercontent.com/indpDB/UC-ImageApps-indiankurtidesign/master/C10/HD/65.png,,,,,,,,,,,,,,,,,,,,,,,,,,,,,,,,,,,,,,,,,,,,,,,,,,,,,,,,,,
,,,https://raw.githubusercontent.com/indpDB/UC-ImageApps-indiankurtidesign/master/C1/TH/66.png,https://raw.githubusercontent.com/indpDB/UC-ImageApps-indiankurtidesign/master/C1/HD/66.png,https://raw.githubusercontent.com/indpDB/UC-ImageApps-indiankurtidesign/master/C2/TH/66.png,https://raw.githubusercontent.com/indpDB/UC-ImageApps-indiankurtidesign/master/C2/HD/66.png,https://raw.githubusercontent.com/indpDB/UC-ImageApps-indiankurtidesign/master/C3/TH/66.png,https://raw.githubusercontent.com/indpDB/UC-ImageApps-indiankurtidesign/master/C3/HD/66.png,https://raw.githubusercontent.com/indpDB/UC-ImageApps-indiankurtidesign/master/C4/TH/66.png,https://raw.githubusercontent.com/indpDB/UC-ImageApps-indiankurtidesign/master/C4/HD/66.png,https://raw.githubusercontent.com/indpDB/UC-ImageApps-indiankurtidesign/master/C5/TH/66.png,https://raw.githubusercontent.com/indpDB/UC-ImageApps-indiankurtidesign/master/C5/HD/66.png,https://raw.githubusercontent.com/indpDB/UC-ImageApps-indiankurtidesign/master/C6/TH/66.png,https://raw.githubusercontent.com/indpDB/UC-ImageApps-indiankurtidesign/master/C6/HD/66.png,https://raw.githubusercontent.com/indpDB/UC-ImageApps-indiankurtidesign/master/C7/TH/66.png,https://raw.githubusercontent.com/indpDB/UC-ImageApps-indiankurtidesign/master/C7/HD/66.png,https://raw.githubusercontent.com/indpDB/UC-ImageApps-indiankurtidesign/master/C8/TH/66.png,https://raw.githubusercontent.com/indpDB/UC-ImageApps-indiankurtidesign/master/C8/HD/66.png,https://raw.githubusercontent.com/indpDB/UC-ImageApps-indiankurtidesign/master/C9/TH/66.png,https://raw.githubusercontent.com/indpDB/UC-ImageApps-indiankurtidesign/master/C9/HD/66.png,https://raw.githubusercontent.com/indpDB/UC-ImageApps-indiankurtidesign/master/C10/TH/66.png,https://raw.githubusercontent.com/indpDB/UC-ImageApps-indiankurtidesign/master/C10/HD/66.png,,,,,,,,,,,,,,,,,,,,,,,,,,,,,,,,,,,,,,,,,,,,,,,,,,,,,,,,,,
,,,https://raw.githubusercontent.com/indpDB/UC-ImageApps-indiankurtidesign/master/C1/TH/67.png,https://raw.githubusercontent.com/indpDB/UC-ImageApps-indiankurtidesign/master/C1/HD/67.png,https://raw.githubusercontent.com/indpDB/UC-ImageApps-indiankurtidesign/master/C2/TH/67.png,https://raw.githubusercontent.com/indpDB/UC-ImageApps-indiankurtidesign/master/C2/HD/67.png,https://raw.githubusercontent.com/indpDB/UC-ImageApps-indiankurtidesign/master/C3/TH/67.png,https://raw.githubusercontent.com/indpDB/UC-ImageApps-indiankurtidesign/master/C3/HD/67.png,https://raw.githubusercontent.com/indpDB/UC-ImageApps-indiankurtidesign/master/C4/TH/67.png,https://raw.githubusercontent.com/indpDB/UC-ImageApps-indiankurtidesign/master/C4/HD/67.png,https://raw.githubusercontent.com/indpDB/UC-ImageApps-indiankurtidesign/master/C5/TH/67.png,https://raw.githubusercontent.com/indpDB/UC-ImageApps-indiankurtidesign/master/C5/HD/67.png,https://raw.githubusercontent.com/indpDB/UC-ImageApps-indiankurtidesign/master/C6/TH/67.png,https://raw.githubusercontent.com/indpDB/UC-ImageApps-indiankurtidesign/master/C6/HD/67.png,https://raw.githubusercontent.com/indpDB/UC-ImageApps-indiankurtidesign/master/C7/TH/67.png,https://raw.githubusercontent.com/indpDB/UC-ImageApps-indiankurtidesign/master/C7/HD/67.png,https://raw.githubusercontent.com/indpDB/UC-ImageApps-indiankurtidesign/master/C8/TH/67.png,https://raw.githubusercontent.com/indpDB/UC-ImageApps-indiankurtidesign/master/C8/HD/67.png,https://raw.githubusercontent.com/indpDB/UC-ImageApps-indiankurtidesign/master/C9/TH/67.png,https://raw.githubusercontent.com/indpDB/UC-ImageApps-indiankurtidesign/master/C9/HD/67.png,https://raw.githubusercontent.com/indpDB/UC-ImageApps-indiankurtidesign/master/C10/TH/67.png,https://raw.githubusercontent.com/indpDB/UC-ImageApps-indiankurtidesign/master/C10/HD/67.png,,,,,,,,,,,,,,,,,,,,,,,,,,,,,,,,,,,,,,,,,,,,,,,,,,,,,,,,,,
,,,https://raw.githubusercontent.com/indpDB/UC-ImageApps-indiankurtidesign/master/C1/TH/68.png,https://raw.githubusercontent.com/indpDB/UC-ImageApps-indiankurtidesign/master/C1/HD/68.png,https://raw.githubusercontent.com/indpDB/UC-ImageApps-indiankurtidesign/master/C2/TH/68.png,https://raw.githubusercontent.com/indpDB/UC-ImageApps-indiankurtidesign/master/C2/HD/68.png,https://raw.githubusercontent.com/indpDB/UC-ImageApps-indiankurtidesign/master/C3/TH/68.png,https://raw.githubusercontent.com/indpDB/UC-ImageApps-indiankurtidesign/master/C3/HD/68.png,https://raw.githubusercontent.com/indpDB/UC-ImageApps-indiankurtidesign/master/C4/TH/68.png,https://raw.githubusercontent.com/indpDB/UC-ImageApps-indiankurtidesign/master/C4/HD/68.png,https://raw.githubusercontent.com/indpDB/UC-ImageApps-indiankurtidesign/master/C5/TH/68.png,https://raw.githubusercontent.com/indpDB/UC-ImageApps-indiankurtidesign/master/C5/HD/68.png,https://raw.githubusercontent.com/indpDB/UC-ImageApps-indiankurtidesign/master/C6/TH/68.png,https://raw.githubusercontent.com/indpDB/UC-ImageApps-indiankurtidesign/master/C6/HD/68.png,https://raw.githubusercontent.com/indpDB/UC-ImageApps-indiankurtidesign/master/C7/TH/68.png,https://raw.githubusercontent.com/indpDB/UC-ImageApps-indiankurtidesign/master/C7/HD/68.png,https://raw.githubusercontent.com/indpDB/UC-ImageApps-indiankurtidesign/master/C8/TH/68.png,https://raw.githubusercontent.com/indpDB/UC-ImageApps-indiankurtidesign/master/C8/HD/68.png,https://raw.githubusercontent.com/indpDB/UC-ImageApps-indiankurtidesign/master/C9/TH/68.png,https://raw.githubusercontent.com/indpDB/UC-ImageApps-indiankurtidesign/master/C9/HD/68.png,https://raw.githubusercontent.com/indpDB/UC-ImageApps-indiankurtidesign/master/C10/TH/68.png,https://raw.githubusercontent.com/indpDB/UC-ImageApps-indiankurtidesign/master/C10/HD/68.png,,,,,,,,,,,,,,,,,,,,,,,,,,,,,,,,,,,,,,,,,,,,,,,,,,,,,,,,,,
,,,https://raw.githubusercontent.com/indpDB/UC-ImageApps-indiankurtidesign/master/C1/TH/69.png,https://raw.githubusercontent.com/indpDB/UC-ImageApps-indiankurtidesign/master/C1/HD/69.png,https://raw.githubusercontent.com/indpDB/UC-ImageApps-indiankurtidesign/master/C2/TH/69.png,https://raw.githubusercontent.com/indpDB/UC-ImageApps-indiankurtidesign/master/C2/HD/69.png,https://raw.githubusercontent.com/indpDB/UC-ImageApps-indiankurtidesign/master/C3/TH/69.png,https://raw.githubusercontent.com/indpDB/UC-ImageApps-indiankurtidesign/master/C3/HD/69.png,https://raw.githubusercontent.com/indpDB/UC-ImageApps-indiankurtidesign/master/C4/TH/69.png,https://raw.githubusercontent.com/indpDB/UC-ImageApps-indiankurtidesign/master/C4/HD/69.png,https://raw.githubusercontent.com/indpDB/UC-ImageApps-indiankurtidesign/master/C5/TH/69.png,https://raw.githubusercontent.com/indpDB/UC-ImageApps-indiankurtidesign/master/C5/HD/69.png,https://raw.githubusercontent.com/indpDB/UC-ImageApps-indiankurtidesign/master/C6/TH/69.png,https://raw.githubusercontent.com/indpDB/UC-ImageApps-indiankurtidesign/master/C6/HD/69.png,https://raw.githubusercontent.com/indpDB/UC-ImageApps-indiankurtidesign/master/C7/TH/69.png,https://raw.githubusercontent.com/indpDB/UC-ImageApps-indiankurtidesign/master/C7/HD/69.png,https://raw.githubusercontent.com/indpDB/UC-ImageApps-indiankurtidesign/master/C8/TH/69.png,https://raw.githubusercontent.com/indpDB/UC-ImageApps-indiankurtidesign/master/C8/HD/69.png,https://raw.githubusercontent.com/indpDB/UC-ImageApps-indiankurtidesign/master/C9/TH/69.png,https://raw.githubusercontent.com/indpDB/UC-ImageApps-indiankurtidesign/master/C9/HD/69.png,https://raw.githubusercontent.com/indpDB/UC-ImageApps-indiankurtidesign/master/C10/TH/69.png,https://raw.githubusercontent.com/indpDB/UC-ImageApps-indiankurtidesign/master/C10/HD/69.png,,,,,,,,,,,,,,,,,,,,,,,,,,,,,,,,,,,,,,,,,,,,,,,,,,,,,,,,,,
,,,https://raw.githubusercontent.com/indpDB/UC-ImageApps-indiankurtidesign/master/C1/TH/70.png,https://raw.githubusercontent.com/indpDB/UC-ImageApps-indiankurtidesign/master/C1/HD/70.png,https://raw.githubusercontent.com/indpDB/UC-ImageApps-indiankurtidesign/master/C2/TH/70.png,https://raw.githubusercontent.com/indpDB/UC-ImageApps-indiankurtidesign/master/C2/HD/70.png,https://raw.githubusercontent.com/indpDB/UC-ImageApps-indiankurtidesign/master/C3/TH/70.png,https://raw.githubusercontent.com/indpDB/UC-ImageApps-indiankurtidesign/master/C3/HD/70.png,https://raw.githubusercontent.com/indpDB/UC-ImageApps-indiankurtidesign/master/C4/TH/70.png,https://raw.githubusercontent.com/indpDB/UC-ImageApps-indiankurtidesign/master/C4/HD/70.png,https://raw.githubusercontent.com/indpDB/UC-ImageApps-indiankurtidesign/master/C5/TH/70.png,https://raw.githubusercontent.com/indpDB/UC-ImageApps-indiankurtidesign/master/C5/HD/70.png,https://raw.githubusercontent.com/indpDB/UC-ImageApps-indiankurtidesign/master/C6/TH/70.png,https://raw.githubusercontent.com/indpDB/UC-ImageApps-indiankurtidesign/master/C6/HD/70.png,https://raw.githubusercontent.com/indpDB/UC-ImageApps-indiankurtidesign/master/C7/TH/70.png,https://raw.githubusercontent.com/indpDB/UC-ImageApps-indiankurtidesign/master/C7/HD/70.png,https://raw.githubusercontent.com/indpDB/UC-ImageApps-indiankurtidesign/master/C8/TH/70.png,https://raw.githubusercontent.com/indpDB/UC-ImageApps-indiankurtidesign/master/C8/HD/70.png,https://raw.githubusercontent.com/indpDB/UC-ImageApps-indiankurtidesign/master/C9/TH/70.png,https://raw.githubusercontent.com/indpDB/UC-ImageApps-indiankurtidesign/master/C9/HD/70.png,https://raw.githubusercontent.com/indpDB/UC-ImageApps-indiankurtidesign/master/C10/TH/70.png,https://raw.githubusercontent.com/indpDB/UC-ImageApps-indiankurtidesign/master/C10/HD/70.png,,,,,,,,,,,,,,,,,,,,,,,,,,,,,,,,,,,,,,,,,,,,,,,,,,,,,,,,,,
,,,https://raw.githubusercontent.com/indpDB/UC-ImageApps-indiankurtidesign/master/C1/TH/71.png,https://raw.githubusercontent.com/indpDB/UC-ImageApps-indiankurtidesign/master/C1/HD/71.png,https://raw.githubusercontent.com/indpDB/UC-ImageApps-indiankurtidesign/master/C2/TH/71.png,https://raw.githubusercontent.com/indpDB/UC-ImageApps-indiankurtidesign/master/C2/HD/71.png,https://raw.githubusercontent.com/indpDB/UC-ImageApps-indiankurtidesign/master/C3/TH/71.png,https://raw.githubusercontent.com/indpDB/UC-ImageApps-indiankurtidesign/master/C3/HD/71.png,https://raw.githubusercontent.com/indpDB/UC-ImageApps-indiankurtidesign/master/C4/TH/71.png,https://raw.githubusercontent.com/indpDB/UC-ImageApps-indiankurtidesign/master/C4/HD/71.png,https://raw.githubusercontent.com/indpDB/UC-ImageApps-indiankurtidesign/master/C5/TH/71.png,https://raw.githubusercontent.com/indpDB/UC-ImageApps-indiankurtidesign/master/C5/HD/71.png,https://raw.githubusercontent.com/indpDB/UC-ImageApps-indiankurtidesign/master/C6/TH/71.png,https://raw.githubusercontent.com/indpDB/UC-ImageApps-indiankurtidesign/master/C6/HD/71.png,https://raw.githubusercontent.com/indpDB/UC-ImageApps-indiankurtidesign/master/C7/TH/71.png,https://raw.githubusercontent.com/indpDB/UC-ImageApps-indiankurtidesign/master/C7/HD/71.png,https://raw.githubusercontent.com/indpDB/UC-ImageApps-indiankurtidesign/master/C8/TH/71.png,https://raw.githubusercontent.com/indpDB/UC-ImageApps-indiankurtidesign/master/C8/HD/71.png,https://raw.githubusercontent.com/indpDB/UC-ImageApps-indiankurtidesign/master/C9/TH/71.png,https://raw.githubusercontent.com/indpDB/UC-ImageApps-indiankurtidesign/master/C9/HD/71.png,https://raw.githubusercontent.com/indpDB/UC-ImageApps-indiankurtidesign/master/C10/TH/71.png,https://raw.githubusercontent.com/indpDB/UC-ImageApps-indiankurtidesign/master/C10/HD/71.png,,,,,,,,,,,,,,,,,,,,,,,,,,,,,,,,,,,,,,,,,,,,,,,,,,,,,,,,,,
,,,https://raw.githubusercontent.com/indpDB/UC-ImageApps-indiankurtidesign/master/C1/TH/72.png,https://raw.githubusercontent.com/indpDB/UC-ImageApps-indiankurtidesign/master/C1/HD/72.png,https://raw.githubusercontent.com/indpDB/UC-ImageApps-indiankurtidesign/master/C2/TH/72.png,https://raw.githubusercontent.com/indpDB/UC-ImageApps-indiankurtidesign/master/C2/HD/72.png,https://raw.githubusercontent.com/indpDB/UC-ImageApps-indiankurtidesign/master/C3/TH/72.png,https://raw.githubusercontent.com/indpDB/UC-ImageApps-indiankurtidesign/master/C3/HD/72.png,https://raw.githubusercontent.com/indpDB/UC-ImageApps-indiankurtidesign/master/C4/TH/72.png,https://raw.githubusercontent.com/indpDB/UC-ImageApps-indiankurtidesign/master/C4/HD/72.png,https://raw.githubusercontent.com/indpDB/UC-ImageApps-indiankurtidesign/master/C5/TH/72.png,https://raw.githubusercontent.com/indpDB/UC-ImageApps-indiankurtidesign/master/C5/HD/72.png,https://raw.githubusercontent.com/indpDB/UC-ImageApps-indiankurtidesign/master/C6/TH/72.png,https://raw.githubusercontent.com/indpDB/UC-ImageApps-indiankurtidesign/master/C6/HD/72.png,https://raw.githubusercontent.com/indpDB/UC-ImageApps-indiankurtidesign/master/C7/TH/72.png,https://raw.githubusercontent.com/indpDB/UC-ImageApps-indiankurtidesign/master/C7/HD/72.png,https://raw.githubusercontent.com/indpDB/UC-ImageApps-indiankurtidesign/master/C8/TH/72.png,https://raw.githubusercontent.com/indpDB/UC-ImageApps-indiankurtidesign/master/C8/HD/72.png,https://raw.githubusercontent.com/indpDB/UC-ImageApps-indiankurtidesign/master/C9/TH/72.png,https://raw.githubusercontent.com/indpDB/UC-ImageApps-indiankurtidesign/master/C9/HD/72.png,https://raw.githubusercontent.com/indpDB/UC-ImageApps-indiankurtidesign/master/C10/TH/72.png,https://raw.githubusercontent.com/indpDB/UC-ImageApps-indiankurtidesign/master/C10/HD/72.png,,,,,,,,,,,,,,,,,,,,,,,,,,,,,,,,,,,,,,,,,,,,,,,,,,,,,,,,,,
,,,https://raw.githubusercontent.com/indpDB/UC-ImageApps-indiankurtidesign/master/C1/TH/73.png,https://raw.githubusercontent.com/indpDB/UC-ImageApps-indiankurtidesign/master/C1/HD/73.png,https://raw.githubusercontent.com/indpDB/UC-ImageApps-indiankurtidesign/master/C2/TH/73.png,https://raw.githubusercontent.com/indpDB/UC-ImageApps-indiankurtidesign/master/C2/HD/73.png,https://raw.githubusercontent.com/indpDB/UC-ImageApps-indiankurtidesign/master/C3/TH/73.png,https://raw.githubusercontent.com/indpDB/UC-ImageApps-indiankurtidesign/master/C3/HD/73.png,https://raw.githubusercontent.com/indpDB/UC-ImageApps-indiankurtidesign/master/C4/TH/73.png,https://raw.githubusercontent.com/indpDB/UC-ImageApps-indiankurtidesign/master/C4/HD/73.png,https://raw.githubusercontent.com/indpDB/UC-ImageApps-indiankurtidesign/master/C5/TH/73.png,https://raw.githubusercontent.com/indpDB/UC-ImageApps-indiankurtidesign/master/C5/HD/73.png,https://raw.githubusercontent.com/indpDB/UC-ImageApps-indiankurtidesign/master/C6/TH/73.png,https://raw.githubusercontent.com/indpDB/UC-ImageApps-indiankurtidesign/master/C6/HD/73.png,https://raw.githubusercontent.com/indpDB/UC-ImageApps-indiankurtidesign/master/C7/TH/73.png,https://raw.githubusercontent.com/indpDB/UC-ImageApps-indiankurtidesign/master/C7/HD/73.png,https://raw.githubusercontent.com/indpDB/UC-ImageApps-indiankurtidesign/master/C8/TH/73.png,https://raw.githubusercontent.com/indpDB/UC-ImageApps-indiankurtidesign/master/C8/HD/73.png,https://raw.githubusercontent.com/indpDB/UC-ImageApps-indiankurtidesign/master/C9/TH/73.png,https://raw.githubusercontent.com/indpDB/UC-ImageApps-indiankurtidesign/master/C9/HD/73.png,https://raw.githubusercontent.com/indpDB/UC-ImageApps-indiankurtidesign/master/C10/TH/73.png,https://raw.githubusercontent.com/indpDB/UC-ImageApps-indiankurtidesign/master/C10/HD/73.png,,,,,,,,,,,,,,,,,,,,,,,,,,,,,,,,,,,,,,,,,,,,,,,,,,,,,,,,,,
,,,https://raw.githubusercontent.com/indpDB/UC-ImageApps-indiankurtidesign/master/C1/TH/74.png,https://raw.githubusercontent.com/indpDB/UC-ImageApps-indiankurtidesign/master/C1/HD/74.png,https://raw.githubusercontent.com/indpDB/UC-ImageApps-indiankurtidesign/master/C2/TH/74.png,https://raw.githubusercontent.com/indpDB/UC-ImageApps-indiankurtidesign/master/C2/HD/74.png,https://raw.githubusercontent.com/indpDB/UC-ImageApps-indiankurtidesign/master/C3/TH/74.png,https://raw.githubusercontent.com/indpDB/UC-ImageApps-indiankurtidesign/master/C3/HD/74.png,https://raw.githubusercontent.com/indpDB/UC-ImageApps-indiankurtidesign/master/C4/TH/74.png,https://raw.githubusercontent.com/indpDB/UC-ImageApps-indiankurtidesign/master/C4/HD/74.png,https://raw.githubusercontent.com/indpDB/UC-ImageApps-indiankurtidesign/master/C5/TH/74.png,https://raw.githubusercontent.com/indpDB/UC-ImageApps-indiankurtidesign/master/C5/HD/74.png,https://raw.githubusercontent.com/indpDB/UC-ImageApps-indiankurtidesign/master/C6/TH/74.png,https://raw.githubusercontent.com/indpDB/UC-ImageApps-indiankurtidesign/master/C6/HD/74.png,https://raw.githubusercontent.com/indpDB/UC-ImageApps-indiankurtidesign/master/C7/TH/74.png,https://raw.githubusercontent.com/indpDB/UC-ImageApps-indiankurtidesign/master/C7/HD/74.png,https://raw.githubusercontent.com/indpDB/UC-ImageApps-indiankurtidesign/master/C8/TH/74.png,https://raw.githubusercontent.com/indpDB/UC-ImageApps-indiankurtidesign/master/C8/HD/74.png,https://raw.githubusercontent.com/indpDB/UC-ImageApps-indiankurtidesign/master/C9/TH/74.png,https://raw.githubusercontent.com/indpDB/UC-ImageApps-indiankurtidesign/master/C9/HD/74.png,https://raw.githubusercontent.com/indpDB/UC-ImageApps-indiankurtidesign/master/C10/TH/74.png,https://raw.githubusercontent.com/indpDB/UC-ImageApps-indiankurtidesign/master/C10/HD/74.png,,,,,,,,,,,,,,,,,,,,,,,,,,,,,,,,,,,,,,,,,,,,,,,,,,,,,,,,,,
,,,https://raw.githubusercontent.com/indpDB/UC-ImageApps-indiankurtidesign/master/C1/TH/75.png,https://raw.githubusercontent.com/indpDB/UC-ImageApps-indiankurtidesign/master/C1/HD/75.png,https://raw.githubusercontent.com/indpDB/UC-ImageApps-indiankurtidesign/master/C2/TH/75.png,https://raw.githubusercontent.com/indpDB/UC-ImageApps-indiankurtidesign/master/C2/HD/75.png,https://raw.githubusercontent.com/indpDB/UC-ImageApps-indiankurtidesign/master/C3/TH/75.png,https://raw.githubusercontent.com/indpDB/UC-ImageApps-indiankurtidesign/master/C3/HD/75.png,https://raw.githubusercontent.com/indpDB/UC-ImageApps-indiankurtidesign/master/C4/TH/75.png,https://raw.githubusercontent.com/indpDB/UC-ImageApps-indiankurtidesign/master/C4/HD/75.png,https://raw.githubusercontent.com/indpDB/UC-ImageApps-indiankurtidesign/master/C5/TH/75.png,https://raw.githubusercontent.com/indpDB/UC-ImageApps-indiankurtidesign/master/C5/HD/75.png,https://raw.githubusercontent.com/indpDB/UC-ImageApps-indiankurtidesign/master/C6/TH/75.png,https://raw.githubusercontent.com/indpDB/UC-ImageApps-indiankurtidesign/master/C6/HD/75.png,https://raw.githubusercontent.com/indpDB/UC-ImageApps-indiankurtidesign/master/C7/TH/75.png,https://raw.githubusercontent.com/indpDB/UC-ImageApps-indiankurtidesign/master/C7/HD/75.png,https://raw.githubusercontent.com/indpDB/UC-ImageApps-indiankurtidesign/master/C8/TH/75.png,https://raw.githubusercontent.com/indpDB/UC-ImageApps-indiankurtidesign/master/C8/HD/75.png,https://raw.githubusercontent.com/indpDB/UC-ImageApps-indiankurtidesign/master/C9/TH/75.png,https://raw.githubusercontent.com/indpDB/UC-ImageApps-indiankurtidesign/master/C9/HD/75.png,https://raw.githubusercontent.com/indpDB/UC-ImageApps-indiankurtidesign/master/C10/TH/75.png,https://raw.githubusercontent.com/indpDB/UC-ImageApps-indiankurtidesign/master/C10/HD/75.png,,,,,,,,,,,,,,,,,,,,,,,,,,,,,,,,,,,,,,,,,,,,,,,,,,,,,,,,,,
,,,,,,,,,,,,,,,,,,,,,,,,,,,,,,,,,,,,,,,,,,,,,,,,,,,,,,,,,,,,,,,,,,,,,,,,,,,,,,,,
,,,,,,,,,,,,,,,,,,,,,,,,,,,,,,,,,,,,,,,,,,,,,,,,,,,,,,,,,,,,,,,,,,,,,,,,,,,,,,,,
,,,,,,,,,,,,,,,,,,,,,,,,,,,,,,,,,,,,,,,,,,,,,,,,,,,,,,,,,,,,,,,,,,,,,,,,,,,,,,,,
,,,,,,,,,,,,,,,,,,,,,,,,,,,,,,,,,,,,,,,,,,,,,,,,,,,,,,,,,,,,,,,,,,,,,,,,,,,,,,,,
,,,,,,,,,,,,,,,,,,,,,,,,,,,,,,,,,,,,,,,,,,,,,,,,,,,,,,,,,,,,,,,,,,,,,,,,,,,,,,,,
,,,,,,,,,,,,,,,,,,,,,,,,,,,,,,,,,,,,,,,,,,,,,,,,,,,,,,,,,,,,,,,,,,,,,,,,,,,,,,,,
,,,,,,,,,,,,,,,,,,,,,,,,,,,,,,,,,,,,,,,,,,,,,,,,,,,,,,,,,,,,,,,,,,,,,,,,,,,,,,,,
,,,,,,,,,,,,,,,,,,,,,,,,,,,,,,,,,,,,,,,,,,,,,,,,,,,,,,,,,,,,,,,,,,,,,,,,,,,,,,,,
,,,,,,,,,,,,,,,,,,,,,,,,,,,,,,,,,,,,,,,,,,,,,,,,,,,,,,,,,,,,,,,,,,,,,,,,,,,,,,,,
,,,,,,,,,,,,,,,,,,,,,,,,,,,,,,,,,,,,,,,,,,,,,,,,,,,,,,,,,,,,,,,,,,,,,,,,,,,,,,,,
,,,,,,,,,,,,,,,,,,,,,,,,,,,,,,,,,,,,,,,,,,,,,,,,,,,,,,,,,,,,,,,,,,,,,,,,,,,,,,,,
,,,,,,,,,,,,,,,,,,,,,,,,,,,,,,,,,,,,,,,,,,,,,,,,,,,,,,,,,,,,,,,,,,,,,,,,,,,,,,,,
,,,,,,,,,,,,,,,,,,,,,,,,,,,,,,,,,,,,,,,,,,,,,,,,,,,,,,,,,,,,,,,,,,,,,,,,,,,,,,,,
,,,,,,,,,,,,,,,,,,,,,,,,,,,,,,,,,,,,,,,,,,,,,,,,,,,,,,,,,,,,,,,,,,,,,,,,,,,,,,,,
,,,,,,,,,,,,,,,,,,,,,,,,,,,,,,,,,,,,,,,,,,,,,,,,,,,,,,,,,,,,,,,,,,,,,,,,,,,,,,,,
,,,,,,,,,,,,,,,,,,,,,,,,,,,,,,,,,,,,,,,,,,,,,,,,,,,,,,,,,,,,,,,,,,,,,,,,,,,,,,,,
,,,,,,,,,,,,,,,,,,,,,,,,,,,,,,,,,,,,,,,,,,,,,,,,,,,,,,,,,,,,,,,,,,,,,,,,,,,,,,,,
,,,,,,,,,,,,,,,,,,,,,,,,,,,,,,,,,,,,,,,,,,,,,,,,,,,,,,,,,,,,,,,,,,,,,,,,,,,,,,,,
,,,,,,,,,,,,,,,,,,,,,,,,,,,,,,,,,,,,,,,,,,,,,,,,,,,,,,,,,,,,,,,,,,,,,,,,,,,,,,,,
,,,,,,,,,,,,,,,,,,,,,,,,,,,,,,,,,,,,,,,,,,,,,,,,,,,,,,,,,,,,,,,,,,,,,,,,,,,,,,,,
,,,,,,,,,,,,,,,,,,,,,,,,,,,,,,,,,,,,,,,,,,,,,,,,,,,,,,,,,,,,,,,,,,,,,,,,,,,,,,,,
,,,,,,,,,,,,,,,,,,,,,,,,,,,,,,,,,,,,,,,,,,,,,,,,,,,,,,,,,,,,,,,,,,,,,,,,,,,,,,,,
,,,,,,,,,,,,,,,,,,,,,,,,,,,,,,,,,,,,,,,,,,,,,,,,,,,,,,,,,,,,,,,,,,,,,,,,,,,,,,,,
,,,,,,,,,,,,,,,,,,,,,,,,,,,,,,,,,,,,,,,,,,,,,,,,,,,,,,,,,,,,,,,,,,,,,,,,,,,,,,,,
,,,,,,,,,,,,,,,,,,,,,,,,,,,,,,,,,,,,,,,,,,,,,,,,,,,,,,,,,,,,,,,,,,,,,,,,,,,,,,,,
